[23,4]
[16,123]
[21, 86]
[70, 82]
[55, 101]
[109, 11]
[19, 7]
[112, 28]
[71, 51]
[20, 20]
[1, 1, 1, 1, 1, 1, 0, 1, 1, 1, 1, 1, 0, 0, 1, 1, 1, 1, 0, 0, 1, 1, 1, 1, 1, 1, 1, 0, 1, 1, 1, 1, 1, 1, 1, 1, 1, 1, 1, 1, 1, 0, 0, 1, 1, 1, 0, 1, 1, 0, 1, 1, 1, 0, 1, 1, 1, 1, 1, 0, 1, 1, 1, 1, 0, 1, 1, 1, 1, a, 1, 0, 1, 1, 1, 1, 0, 0, 1, 1, 1, 1, 1, 1, 1, 1, 1, 1, 1, 1, 1, 0, 1, 0, 1, 1, 1, 0, 1, 1, 1, 1, 1, 1, 1, 1, 1, 1, 0, 1, 1, 1, 1, 1, 0, 1, 1, 1, 1, 1, 1, 1, 1, 1, 1, 1, 0, 0, 1, 1, 1, 1, 0, 1, 1, 1, 1, 0, 1, 0, 1, 1, 1, 1, 1, 1, 1, 1, 1, 0, 1, 1, 1, 1, 1, 1, 1, 1, 1, 1]
[1, 1, 1, 1, 0, 1, 1, 0, 1, 0, 1, 1, 0, 1, 0, 1, 0, 1, 1, 1, 1, 1, 1, 0, 1, 1, 1, 1, 1, 0, 1, 1, 1, 0, 1, 1, 1, 0, 1, 1, 1, 1, 1, 1, 1, 1, 1, 1, 1, 1, 1, 1, 1, 1, 0, 1, 1, 1, 0, 1, 1, 1, 1, 1, 1, 1, 1, 0, 1, a, 1, 1, 0, 0, 0, 1, 1, 1, 0, 0, 1, 1, 1, 1, 1, 1, 1, 1, 1, 1, 1, 1, 0, 0, 1, 1, a, 1, 1, 1, 0, 0, 1, 0, 1, 1, 1, 1, 1, 1, 1, 1, 0, 0, 1, 1, 0, 1, 1, 0, 1, 1, 0, 1, 1, 1, 1, 1, 0, 1, 1, 0, 1, 0, 1, 1, 0, 1, 0, 1, 1, 1, 1, 1, 1, 1, 1, 1, 1, 1, 1, 1, 1, 1, 1, 1, 0, 1, 0, 1]
[1, 1, 1, 1, 1, 1, 1, 1, 1, 1, 1, 1, 1, 1, 1, 1, 1, 1, 1, 0, 0, 1, 1, 1, 1, 1, 1, 0, 1, 1, 1, 1, 1, 1, 1, 1, 1, 0, 1, 1, 1, 0, 0, 0, 0, 1, 1, 1, 0, 1, 1, 1, 1, 1, 1, 1, 0, 1, 1, 1, 1, 1, 1, 1, 0, 1, 1, 1, 1, a, 1, 1, 1, 1, 1, 1, 1, 1, 0, 0, 1, 1, 1, 1, 1, 1, 1, 1, 1, 1, 1, 0, 0, 0, 1, 1, a, 1, 1, 0, 0, 1, 1, 1, 0, 1, 1, 1, 1, 1, 0, 1, 0, 1, 1, 0, 1, 1, 1, 0, 1, 1, 1, 1, 1, 1, 1, 0, 1, 1, 0, 1, 1, 0, 1, 0, 1, 0, 0, 1, 1, 0, 1, 0, 1, 1, 1, 0, 1, 1, 1, 1, 0, 0, 1, 0, 0, 0, 1, 1]
[1, 1, 1, 1, 1, 1, 0, 1, 0, 1, 1, 1, 1, 0, 1, 1, 1, 1, 0, 1, 1, 1, 1, 1, 0, 1, 1, 1, 0, 0, 0, 0, 1, 0, 1, 1, 0, 1, 1, 1, 1, 0, 1, 1, 1, 1, 1, 0, 1, 1, 1, 0, 1, 0, 1, 1, 1, 1, 1, 1, 0, 1, 1, 1, 1, 1, 1, 1, 1, a, 1, 1, 1, 1, 1, 1, 1, 0, 1, 1, 1, 1, 1, 1, 1, 0, 1, 1, 0, 0, 1, 1, 1, 1, 1, 1, a, 1, 1, 1, 1, 1, 1, 1, 1, 0, 1, 1, 1, 1, 1, 1, 1, 1, 1, 1, 1, 0, 1, 1, 1, 1, 1, 1, 0, 1, 0, 1, 1, 1, 1, 1, 1, 1, 1, 1, 1, 1, 1, 1, 1, 1, 0, 1, 1, 1, 1, 1, 1, 0, 0, 1, 1, 1, 1, 1, 1, 1, 1, 1]
[0, 1, 2, 1, 2, 0, 0, 2, 1, 2, 1, 1, 2, 2, 2, 0, 2, 2, 0, 2, 0, 2, 2, 1, 1, 1, 1, 1, 1, 1, 1, 0, 0, 1, 1, 1, 1, 1, 1, 1, 0, 1, 1, 1, 1, 1, 0, 1, 1, 1, 1, 1, 1, 1, 1, 1, 0, 1, 1, 1, 1, 0, 1, 1, 1, 1, 1, 1, 1, a, 1, 1, 0, 1, 1, 1, 1, 1, 1, 1, 1, 1, 1, 1, 1, 1, 1, 0, 1, 1, 1, 0, 0, 1, 0, 0, a, 1, 0, 1, 1, 1, 1, 1, 0, 1, 1, 1, 1, 1, 1, 1, 1, 1, 1, 1, 1, 0, 0, 1, 1, 1, 1, 1, 0, 0, 0, 1, 1, 1, 1, 0, 0, 1, 1, 1, 1, 1, 1, 1, 1, 0, 1, 1, 1, 1, 1, 1, 1, 1, 0, 1, 1, 1, 0, 1, 1, 0, 0, 0]
[1, 2, 0, 0, 2, 1, 1, 2, 1, 2, 0, 2, 2, 1, 2, 0, 2, 2, 2, 2, 2, 2, 2, 0, 1, 1, 1, 1, 0, 2, 2, 2, 1, 0, 2, 0, 1, 1, 1, 1, 1, 1, 0, 1, 1, 1, 1, 1, 1, 1, 1, 1, 1, 0, 1, 1, 1, 1, 1, 1, 1, 1, 1, 1, 1, 0, 0, 1, 1, a, 1, 1, 0, 1, 1, 0, 1, 0, 1, 1, 0, 1, 1, 1, 1, 1, 1, 1, 1, 0, 1, 1, 1, 1, 1, 1, a, 1, 1, 1, 1, 1, 1, 0, 1, 1, 1, 1, 1, 0, 1, 1, 0, 1, 1, 1, 1, 1, 1, 1, 0, 1, 1, 1, 1, 1, 1, 1, 1, 1, 1, 1, 1, 1, 0, 1, 0, 1, 1, 0, 1, 1, 1, 1, 1, 1, 1, 1, 0, 1, 1, 1, 1, 0, 1, 1, 0, 1, 0, 0]
[1, 1, 2, 0, 0, 0, 2, 2, 2, 1, 2, 1, 2, 2, 2, 0, 2, 1, 1, 0, 2, 0, 2, 2, 2, 0, 2, 1, 2, 1, 2, 1, 2, 1, 0, 1, 0, 1, 1, 1, 0, 1, 1, 0, 1, 1, 1, 1, 0, 1, 1, 1, 1, 1, 1, 1, 1, 1, 1, 1, 1, 1, 1, 1, 0, 1, 1, 1, 1, a, 0, 1, 2, 1, 1, 1, 0, 1, 2, 2, 1, 2, 2, 1, 2, 1, 2, 1, 2, 1, 1, 2, 1, 0, 2, 1, a, 1, 2, 2, 1, 2, 1, 1, 1, 1, 1, 1, 1, 1, 1, 1, 0, 1, 1, 1, 1, 1, 1, 1, 1, 0, 1, 1, 1, 1, 0, 1, 1, 1, 1, 0, 1, 1, 1, 1, 0, 1, 0, 1, 1, 1, 1, 1, 1, 1, 1, 1, 1, 1, 1, 1, 1, 1, 1, 1, 1, 0, 1, 1]
[1, 0, 1, 2, 1, 2, 1, 2, 1, 0, 2, 2, 2, 2, 2, 1, 2, 2, 2, 1, 0, 2, 2, 1, 2, 2, 0, 1, 1, 2, 1, 1, 2, 1, 2, 0, 1, 1, 1, 0, 1, 1, 1, 1, 0, 1, 1, 1, 0, 1, 1, 1, 1, 1, 1, 1, 1, 1, 1, 1, 1, 1, 1, 0, 1, 1, 1, 1, 1, a, 1, 2, 0, 2, 1, 1, 1, 2, 0, 2, 1, 2, 1, 2, 2, 2, 2, 1, 1, 2, 1, 0, 1, 2, 1, 2, a, 1, 1, 2, 1, 1, 1, 0, 0, 1, 1, 1, 0, 1, 1, 1, 1, 1, 1, 1, 1, 1, 0, 1, 1, 1, 1, 1, 1, 0, 1, 1, 1, 0, 1, 1, 1, 1, 1, 1, 1, 1, 1, 0, 1, 1, 1, 1, 1, 1, 0, 1, 1, 1, 1, 1, 0, 1, 1, 0, 1, 0, 1, 1]
[1, 0, 2, 2, 0, 0, 0, 1, 0, 2, 0, 0, 0, 0, 2, 2, 1, 2, 2, 0, 2, 2, 2, 1, 2, 0, 2, 1, 2, 2, 2, 2, 1, 2, 1, 2, 1, 1, 1, 1, 1, 1, 0, 1, 1, 0, 1, 1, 1, 1, 0, 0, 1, 0, 0, 1, 1, 0, 1, 0, 1, 1, 1, 1, 1, 0, 1, 1, 1, a, 1, 1, 1, 2, 0, 0, 2, 1, 2, 2, 2, 1, 1, 0, 1, 1, 0, 1, 0, 2, 0, 2, 1, 0, 0, 0, b, 0, 0, 0, 2, 1, 1, 0, 1, 1, 0, 0, 1, 1, 1, 1, 1, 1, 0, 0, 1, 1, 1, 1, 1, 1, 0, 1, 1, 1, 1, 1, 1, 1, 0, 1, 1, 1, 1, 0, 1, 1, 1, 1, 1, 0, 1, 1, 0, 1, 1, 1, 1, 1, 1, 0, 1, 0, 1, 1, 1, 1, 1, 1]
[1, 1, 2, 2, 1, 2, 2, 1, 2, 0, 2, 2, 2, 2, 0, 2, 2, 2, 2, 2, 2, 1, 2, 1, 2, 0, 2, 2, 1, 1, 2, 1, 1, 1, 1, 0, 0, 1, 1, 1, 1, 1, 1, 1, 1, 0, 1, 1, 1, 1, 1, 1, 1, 1, 1, 1, 1, 1, 1, 1, 1, 1, 1, 1, 1, 1, 1, 1, 1, a, 1, 2, 0, 2, 1, 0, 0, 0, 1, 1, 1, 2, 1, 0, 2, 1, 2, 2, 0, 1, 1, 1, 2, 2, 1, 1, a, 0, 0, 2, 1, 0, 1, 1, 1, 1, 1, 1, 1, 1, 1, 1, 1, 1, 1, 1, 1, 1, 1, 0, 0, 1, 0, 1, 1, 1, 1, 1, 1, 1, 1, 1, 1, 1, 1, 1, 1, 1, 1, 1, 1, 1, 1, 0, 0, 0, 1, 1, 1, 1, 1, 1, 1, 1, 0, 1, 1, 1, 1, 0]
[0, 0, 1, 1, 1, 2, 2, 2, 1, 2, 0, 2, 1, 2, 2, 2, 1, 1, 1, 2, 2, 2, 2, 2, 2, 1, 2, 1, 1, 2, 2, 1, 2, 0, 1, 1, 0, 1, 1, 0, 1, 1, 1, 0, 1, 1, 1, 1, 1, 0, 1, 1, 1, 1, 0, 1, 1, 1, 1, 1, 1, 1, 1, 0, 1, 1, 1, 1, 1, a, 1, 1, 1, 2, 2, 1, 2, 2, 2, 1, 2, 1, 2, 1, 1, 2, 1, 0, 1, 2, 1, 1, 2, 1, 1, 2, b, 2, 2, 2, 0, 0, 0, 1, 1, 1, 1, 1, 1, 1, 1, 0, 0, 1, 0, 1, 0, 1, 1, 1, 1, 1, 1, 1, 1, 1, 1, 0, 1, 1, 1, 0, 1, 0, 1, 1, 1, 0, 1, 0, 0, 1, 1, 1, 1, 1, 1, 1, 1, 1, 1, 0, 1, 1, 1, 1, 1, 1, 1, 0]
[2, 2, 2, 1, 1, 2, 2, 2, 2, 0, 2, 0, 1, 2, 2, 2, 2, 2, 2, 2, 2, 2, 2, 1, 2, 2, 2, 0, 2, 0, 0, 2, 2, 2, 1, 2, 1, 0, 0, 0, 0, 0, 1, 1, 1, 1, 1, 1, 1, 1, 1, 1, 0, 1, 1, 1, 0, 1, 1, 1, 1, 1, 1, 1, 1, 1, 1, 1, 0, a, 1, 1, 0, 2, 0, 0, 2, 2, 0, 2, 2, 0, 1, 0, 0, 2, 0, 1, 0, 2, 1, 1, 1, 1, 0, 1, b, 2, 2, 1, 0, 1, 1, 1, 1, 1, 1, 1, 1, 1, 1, 1, 1, 0, 0, 1, 1, 1, 0, 1, 1, 1, 1, 1, 1, 1, 1, 1, 1, 0, 1, 1, 1, 1, 1, 1, 0, 1, 1, 1, 0, 0, 1, 1, 1, 1, 0, 0, 1, 1, 1, 0, 0, 1, 1, 1, 1, 1, 1, 1]
[2, 1, 1, 2, 0, 2, 2, 1, 2, 1, 2, 2, 2, 0, 2, 1, 2, 0, 2, 1, 2, 2, 2, 2, 1, 1, 1, 0, 1, 1, 2, 0, 1, 2, 1, 1, 1, 1, 1, 1, 1, 1, 1, 1, 1, 1, 1, 1, 0, 1, 1, 0, 1, 1, 1, 1, 1, 1, 1, 1, 0, 1, 1, 0, 1, 1, 1, 0, 0, a, 1, 1, 2, 0, 0, 1, 2, 1, 0, 2, 2, 0, 2, 1, 1, 2, 2, 1, 2, 1, 0, 2, 1, 2, 1, 2, a, 1, 1, 2, 2, 2, 0, 0, 0, 1, 1, 1, 1, 0, 1, 1, 1, 1, 1, 0, 0, 1, 1, 0, 1, 1, 1, 1, 0, 0, 1, 1, 1, 1, 1, 1, 1, 1, 1, 1, 1, 0, 0, 0, 1, 1, 1, 1, 1, 0, 1, 1, 1, 0, 1, 1, 0, 1, 0, 1, 0, 1, 1, 1]
[2, 1, 0, 0, 2, 2, 2, 2, 2, 0, 2, 2, 0, 0, 1, 2, 0, 2, 2, 2, 2, 1, 2, 2, 1, 0, 2, 1, 2, 2, 0, 1, 0, 2, 2, 2, 0, 1, 0, 1, 1, 0, 0, 0, 1, 1, 1, 1, 1, 1, 1, 1, 1, 1, 1, 0, 1, 1, 1, 1, 1, 0, 1, 1, 0, 1, 1, 1, 1, a, 1, 1, 2, 2, 2, 2, 2, 2, 1, 1, 2, 2, 2, 1, 2, 2, 2, 1, 1, 1, 1, 1, 2, 0, 2, 2, b, 2, 2, 0, 1, 2, 1, 1, 1, 1, 1, 1, 1, 1, 1, 0, 1, 1, 1, 1, 1, 0, 1, 1, 1, 1, 1, 1, 0, 1, 1, 1, 1, 0, 1, 0, 0, 1, 1, 1, 1, 1, 1, 1, 0, 0, 1, 1, 1, 0, 1, 1, 0, 1, 1, 1, 1, 1, 1, 1, 1, 1, 1, 1]
[1, 0, 1, 1, 1, 2, 1, 1, 0, 2, 2, 0, 2, 0, 1, 2, 2, 2, 2, 0, 1, 1, 2, 1, 0, 2, 0, 2, 1, 2, 1, 1, 2, 2, 1, 2, 1, 1, 1, 1, 1, 1, 1, 1, 1, 1, 1, 1, 1, 1, 1, 1, 1, 1, 1, 1, 1, 1, 0, 1, 1, 0, 1, 1, 1, 0, 1, 1, 1, a, 1, 1, 2, 2, 1, 2, 2, 1, 2, 1, 0, 1, 2, 2, 2, 0, 2, 1, 1, 2, 1, 1, 1, 1, 1, 2, a, 0, 1, 2, 1, 2, 0, 1, 1, 0, 0, 1, 1, 1, 1, 1, 0, 1, 1, 0, 1, 1, 1, 1, 1, 1, 1, 1, 1, 1, 1, 0, 1, 1, 1, 1, 1, 1, 1, 1, 1, 0, 0, 1, 1, 1, 1, 0, 1, 0, 1, 1, 1, 1, 1, 1, 0, 0, 1, 0, 1, 1, 0, 1]
[0, 2, 1, 0, 1, 2, 2, 2, 1, 2, 1, 0, 2, 1, 2, 0, 1, 2, 2, 2, 2, 2, 0, 2, 1, 1, 0, 1, 0, 1, 0, 2, 2, 2, 2, 0, 1, 0, 1, 1, 1, 1, 1, 0, 0, 1, 1, 0, 1, 1, 1, 1, 1, 0, 1, 1, 1, 1, 0, 1, 1, 1, 1, 1, 1, 1, 0, 1, 1, a, 1, 0, 2, 2, 2, 0, 0, 2, 2, 1, 2, 1, 1, 0, 1, 0, 1, 1, 2, 0, 2, 1, 0, 2, 1, 0, b, 1, 1, 1, 2, 1, 1, 1, 1, 1, 1, 1, 1, 0, 1, 1, 1, 0, 1, 0, 0, 1, 1, 1, 0, 1, 1, 1, 1, 1, 1, 1, 1, 1, 1, 0, 1, 1, 1, 1, 1, 1, 1, 0, 1, 1, 1, 1, 1, 1, 1, 1, 1, 1, 0, 1, 1, 1, 0, 1, 1, 0, 0, 1]
[0, 2, 2, 2, 2, 2, 0, 2, 0, 2, 1, 2, 2, 1, 2, 1, 2, 0, 2, 2, 2, 2, 2, 1, 2, 2, 0, 2, 0, 0, 1, 1, 1, 1, 0, 0, 1, 1, 1, 1, 1, 1, 0, 1, 0, 1, 0, 1, 1, 1, 0, 1, 1, 1, 1, 1, 1, 0, 0, 1, 1, 1, 1, 1, 1, 1, 1, 1, 1, a, 1, 1, 1, 1, 0, 1, 2, 1, 1, 0, 2, 2, 2, 0, 2, 2, 2, 2, 1, 2, 0, 2, 1, 1, 0, 0, a, 1, 2, 1, 1, 1, 1, 0, 1, 1, 1, 1, 1, 1, 1, 1, 1, 0, 1, 1, 1, 1, 1, 0, 0, 0, 1, 1, 1, 1, 0, 0, 1, 1, 1, 0, 1, 1, 0, 0, 1, 1, 1, 0, 1, 1, 0, 1, 1, 1, 1, 1, 1, 0, 1, 1, 1, 1, 0, 1, 0, 1, 1, 1]
[2, 2, 2, 1, 2, 2, 0, 0, 2, 2, 2, 2, 2, 0, 1, 1, 2, 1, 1, 2, 2, 2, 1, 2, 1, 0, 1, 0, 1, 1, 2, 1, 0, 1, 1, 0, 1, 1, 1, 1, 1, 0, 1, 1, 1, 1, 1, 0, 1, 1, 1, 1, 1, 1, 1, 1, 1, 1, 0, 0, 1, 1, 0, 1, 1, 1, 0, 0, 0, a, 1, 0, 0, 0, 2, 1, 1, 2, 0, 2, 0, 1, 1, 1, 2, 2, 0, 2, 1, 2, 2, 1, 1, 1, 1, 0, a, 0, 1, 1, 1, 2, 1, 1, 1, 1, 1, 1, 1, 1, 1, 1, 1, 1, 0, 1, 0, 1, 1, 1, 1, 1, 1, 0, 1, 0, 1, 1, 1, 1, 1, 1, 0, 1, 1, 1, 1, 1, 0, 1, 1, 1, 0, 1, 1, 1, 1, 1, 1, 1, 1, 1, 1, 1, 1, 1, 0, 1, 1, 1]
[1, 2, 2, 2, 0, 0, 1, 0, 0, 2, 1, 1, 2, 2, 2, 1, 2, 0, 2, 2, 2, 2, 2, 1, 1, 1, 1, 1, 1, 1, 1, 0, 1, 1, 0, 2, 0, 0, 1, 1, 1, 0, 1, 0, 1, 1, 1, 0, 1, 1, 1, 0, 1, 1, 0, 1, 1, 1, 1, 1, 1, 0, 1, 1, 0, 0, 0, 1, 1, a, 1, 1, 0, 2, 2, 0, 2, 2, 0, 1, 2, 0, 1, 2, 0, 0, 1, 2, 1, 0, 1, 1, 2, 1, 0, 2, b, 0, 1, 2, 0, 1, 0, 1, 1, 0, 1, 1, 1, 1, 1, 1, 1, 1, 1, 1, 1, 1, 0, 0, 1, 1, 1, 1, 1, 1, 1, 1, 1, 1, 0, 0, 0, 1, 1, 1, 1, 1, 1, 1, 1, 0, 0, 1, 1, 0, 1, 1, 1, 1, 1, 1, 0, 1, 1, 1, 1, 1, 1, 1]
[0, 0, 0, 2, 1, 2, 2, 1, 0, 1, 2, 2, 2, 2, 2, 2, 2, 2, 2, 0, 1, 1, 2, 2, 0, 2, 1, 1, 2, 2, 1, 1, 0, 2, 0, 2, 1, 1, 0, 1, 0, 1, 1, 0, 0, 0, 1, 1, 1, 1, 1, 1, 0, 1, 0, 1, 0, 0, 0, 0, 1, 1, 1, 1, 1, 1, 1, 1, 1, a, 1, 1, 2, 2, 1, 2, 2, 0, 2, 1, 1, 2, 0, 2, 0, 2, 1, 0, 1, 1, 1, 1, 2, 1, 2, 2, a, 0, 0, 2, 1, 1, 1, 1, 1, 1, 1, 1, 1, 1, 1, 1, 1, 1, 1, 1, 1, 1, 1, 1, 0, 1, 1, 1, 1, 1, 1, 0, 1, 0, 1, 1, 0, 1, 1, 1, 1, 1, 1, 1, 1, 0, 1, 1, 1, 0, 1, 1, 1, 1, 1, 1, 1, 1, 1, 1, 1, 1, 1, 1]
[2, 1, 0, 1, 0, 2, 2, 1, 1, 2, 0, 1, 2, 0, 1, 1, 2, 2, 0, 2, 0, 2, 2, 0, 0, 1, 1, 0, 0, 2, 2, 2, 1, 2, 1, 2, 1, 1, 1, 1, 1, 1, 1, 1, 1, 1, 1, 1, 1, 1, 1, 0, 1, 1, 1, 1, 1, 1, 0, 1, 1, 1, 0, 1, 1, 1, 1, 1, 0, a, 0, 1, 1, 2, 0, 1, 2, 1, 2, 0, 0, 2, 2, 2, 2, 0, 0, 0, 2, 1, 2, 0, 2, 0, 1, 1, b, 1, 1, 0, 1, 2, 1, 1, 0, 1, 1, 1, 1, 1, 1, 1, 1, 1, 1, 1, 1, 1, 0, 0, 1, 1, 1, 1, 1, 1, 0, 1, 1, 1, 1, 1, 1, 0, 1, 0, 1, 1, 1, 0, 1, 1, 0, 1, 1, 1, 0, 1, 1, 1, 1, 1, 1, 1, 0, 1, 1, 1, 1, 1]
[1, 2, 2, 0, 2, 2, 2, 1, 2, 0, 2, 1, 2, 2, 2, 1, 1, 2, 2, 2, 2, 1, 2, 1, 2, 1, 2, 1, 2, 1, 0, 0, 1, 1, 1, 2, 0, 1, 0, 0, 1, 1, 1, 1, 1, 0, 1, 1, 1, 1, 1, 1, 1, 1, 0, 1, 0, 1, 1, 1, 0, 1, 1, 1, 1, 1, 0, 0, 1, a, 1, 2, 1, 1, 1, 2, 0, 2, 2, 0, 0, 1, 1, 1, 2, 1, 0, 0, 2, 2, 1, 1, 2, 2, 1, 2, a, 2, 2, 2, 2, 0, 1, 1, 1, 0, 1, 1, 1, 0, 0, 1, 0, 1, 1, 0, 1, 1, 1, 1, 0, 1, 1, 1, 1, 1, 1, 1, 0, 1, 1, 0, 1, 1, 1, 1, 0, 1, 1, 1, 1, 1, 1, 1, 1, 1, 0, 1, 0, 1, 1, 1, 1, 0, 1, 1, 1, 0, 0, 1]
[1, 0, 2, 1, 2, 1, 2, 1, 0, 2, 0, 1, 0, 1, 0, 0, 0, 1, 2, 1, 0, 2, 2, 0, 1, 2, 1, 2, 2, 2, 0, 1, 2, 0, 0, 2, 0, 1, 0, 1, 1, 1, 1, 1, 1, 1, 1, 0, 1, 1, 1, 1, 1, 1, 1, 1, 1, 0, 1, 1, 0, 0, 0, 1, 1, 1, 1, 1, 0, a, 1, 0, 1, 1, 1, 1, 0, 1, 0, 2, 1, 1, 2, 0, 0, 2, 2, 0, 2, 1, 1, 0, 1, 1, 0, 2, a, 2, 1, 1, 0, 2, 1, 0, 1, 1, 1, 1, 1, 1, 0, 1, 1, 1, 0, 1, 1, 1, 1, 1, 0, 1, 1, 1, 0, 1, 1, 1, 0, 1, 1, 0, 0, 1, 0, 1, 1, 1, 1, 1, 1, 0, 1, 1, 0, 1, 1, 1, 1, 1, 1, 1, 0, 1, 0, 1, 0, 0, 1, 1]
[2, 2, 0, 1, 2, 2, 2, 1, 2, 2, 2, 2, 2, 2, 2, 2, 2, 0, 1, 1, 2, 2, 1, 2, 0, 0, 1, 2, 0, 2, 0, 0, 1, 1, 2, 1, 1, 1, 1, 1, 1, 1, 1, 1, 1, 1, 1, 0, 1, 0, 1, 1, 1, 1, 1, 1, 0, 1, 1, 1, 1, 0, 1, 1, 1, 1, 1, 0, 1, a, 1, 1, 2, 1, 2, 2, 1, 2, 2, 2, 0, 1, 0, 1, 1, 1, 1, 2, 2, 1, 2, 1, 0, 0, 1, 1, b, 2, 1, 1, 1, 1, 1, 1, 0, 1, 1, 1, 1, 0, 0, 1, 1, 1, 1, 0, 1, 1, 1, 1, 1, 1, 1, 1, 1, 1, 1, 1, 1, 1, 1, 1, 1, 1, 1, 0, 1, 1, 1, 1, 1, 0, 1, 1, 1, 0, 1, 1, 1, 1, 1, 1, 1, 1, 1, 1, 0, 1, 1, 0]
[0, 2, 2, 1, 0, 2, 0, 2, 2, 1, 2, 2, 2, 2, 2, 2, 2, 0, 2, 0, 0, 2, 0, 0, 2, 1, 2, 1, 2, 2, 2, 2, 1, 1, 2, 2, 1, 1, 1, 1, 1, 1, 1, 1, 0, 1, 1, 0, 1, 1, 1, 1, 1, 1, 1, 1, 1, 1, 1, 1, 1, 1, 0, 1, 1, 1, 1, 1, 1, a, 1, 1, 2, 2, 2, 2, 1, 0, 1, 2, 2, 2, 0, 2, 0, 2, 1, 1, 1, 0, 0, 1, 1, 1, 1, 2, b, 0, 2, 1, 0, 2, 1, 0, 1, 0, 1, 1, 1, 1, 1, 0, 1, 1, 1, 1, 1, 1, 0, 1, 1, 1, 0, 1, 1, 1, 1, 1, 1, 1, 0, 0, 1, 1, 1, 1, 1, 1, 1, 0, 1, 1, 0, 1, 0, 1, 1, 0, 1, 1, 1, 1, 0, 1, 1, 1, 1, 1, 1, 1]
[2, 1, 1, 2, 2, 1, 0, 2, 2, 2, 0, 2, 2, 2, 0, 2, 2, 1, 0, 1, 2, 1, 2, 2, 0, 2, 2, 1, 2, 0, 2, 1, 1, 1, 1, 1, 1, 1, 1, 1, 1, 1, 1, 1, 1, 1, 1, 0, 1, 1, 0, 1, 1, 1, 0, 1, 0, 0, 1, 1, 0, 1, 1, 1, 0, 1, 1, 1, 1, a, 1, 2, 0, 1, 2, 0, 1, 1, 1, 0, 2, 0, 2, 2, 0, 1, 1, 2, 2, 1, 2, 2, 2, 2, 1, 2, a, 1, 0, 1, 2, 0, 1, 1, 1, 0, 1, 1, 1, 1, 1, 1, 1, 1, 1, 1, 0, 1, 1, 1, 1, 1, 1, 1, 1, 1, 1, 0, 1, 0, 1, 1, 0, 0, 1, 1, 1, 1, 1, 1, 1, 1, 0, 1, 1, 1, 1, 1, 1, 1, 1, 1, 1, 1, 0, 1, 1, 1, 1, 0]
[1, 1, 2, 1, 1, 2, 2, 0, 2, 0, 2, 2, 2, 2, 2, 2, 2, 2, 2, 0, 1, 1, 2, 1, 0, 2, 0, 1, 1, 2, 2, 0, 2, 0, 2, 1, 1, 1, 1, 1, 1, 1, 0, 1, 1, 1, 1, 0, 1, 0, 1, 1, 1, 1, 0, 1, 1, 1, 1, 1, 0, 0, 1, 0, 1, 1, 1, 1, 0, a, 1, 2, 1, 0, 2, 2, 1, 2, 1, 2, 1, 2, 2, 0, 1, 2, 0, 1, 1, 2, 1, 1, 1, 2, 0, 1, b, 2, 1, 1, 2, 1, 1, 0, 1, 0, 1, 1, 1, 1, 1, 1, 1, 1, 1, 0, 1, 1, 1, 1, 1, 1, 1, 1, 1, 1, 0, 0, 1, 1, 1, 1, 1, 0, 1, 1, 1, 1, 1, 0, 1, 1, 1, 1, 1, 0, 1, 1, 0, 1, 1, 0, 1, 1, 1, 1, 1, 1, 1, 1]
[2, 2, 2, 1, 1, 0, 2, 2, 2, 1, 2, 2, 2, 0, 0, 2, 2, 2, 0, 2, 2, 1, 2, 2, 1, 1, 2, 1, 1, 1, 0, 0, 0, 0, 1, 2, 0, 1, 0, 1, 1, 0, 1, 1, 0, 1, 0, 1, 0, 0, 1, 1, 0, 0, 1, 1, 1, 0, 0, 1, 1, 1, 1, 1, 1, 0, 1, 1, 1, a, 0, 1, 0, 1, 0, 1, 0, 1, 2, 0, 1, 1, 1, 2, 1, 2, 2, 2, 1, 1, 2, 2, 2, 0, 1, 1, a, 1, 2, 1, 2, 2, 1, 1, 1, 1, 0, 1, 0, 1, 1, 1, 1, 1, 1, 1, 1, 1, 0, 0, 1, 0, 1, 0, 1, 1, 1, 1, 1, 1, 1, 0, 1, 1, 1, 1, 1, 1, 1, 1, 1, 1, 1, 1, 1, 1, 1, 1, 0, 1, 1, 1, 1, 1, 1, 0, 1, 1, 0, 1]
[1, 2, 1, 2, 0, 1, 0, 2, 2, 0, 2, 2, 0, 2, 2, 2, 2, 2, 2, 1, 0, 2, 0, 1, 0, 0, 1, 2, 1, 0, 1, 2, 1, 2, 0, 1, 1, 1, 0, 1, 1, 1, 1, 0, 1, 1, 0, 1, 0, 1, 1, 1, 1, 0, 1, 1, 1, 0, 1, 1, 1, 1, 0, 1, 0, 1, 1, 1, 0, a, 1, 1, 2, 1, 1, 2, 2, 1, 1, 2, 2, 0, 0, 1, 2, 2, 1, 2, 2, 0, 0, 0, 1, 2, 2, 2, a, 1, 2, 1, 1, 2, 1, 0, 1, 1, 1, 1, 1, 0, 1, 1, 1, 1, 1, 1, 1, 1, 1, 1, 1, 1, 1, 1, 1, 0, 1, 0, 1, 1, 1, 1, 1, 1, 1, 1, 1, 1, 1, 1, 1, 0, 1, 0, 1, 1, 0, 0, 1, 1, 1, 1, 1, 0, 1, 1, 1, 1, 0, 1]
[2, 0, 1, 1, 1, 2, 2, 0, 2, 2, 2, 1, 1, 2, 2, 2, 1, 1, 0, 2, 1, 0, 0, 1, 2, 2, 2, 2, 0, 1, 0, 0, 1, 2, 1, 2, 0, 0, 1, 1, 1, 1, 1, 0, 1, 1, 1, 1, 1, 1, 1, 0, 1, 1, 1, 1, 0, 1, 1, 1, 1, 0, 1, 1, 1, 0, 1, 0, 0, a, 1, 1, 0, 2, 1, 2, 2, 1, 2, 2, 2, 2, 1, 0, 0, 2, 1, 2, 1, 1, 2, 1, 2, 1, 0, 1, b, 1, 0, 2, 1, 2, 1, 1, 1, 1, 0, 1, 1, 0, 1, 1, 1, 0, 1, 1, 0, 1, 1, 1, 1, 0, 1, 1, 0, 1, 0, 1, 0, 1, 1, 1, 0, 1, 0, 1, 1, 1, 1, 1, 1, 1, 1, 1, 1, 1, 1, 1, 0, 0, 1, 1, 1, 1, 1, 1, 1, 1, 1, 1]
[1, 2, 1, 2, 0, 1, 2, 1, 2, 2, 2, 2, 2, 2, 2, 2, 1, 0, 0, 2, 0, 2, 2, 2, 2, 0, 2, 1, 2, 2, 0, 0, 0, 1, 0, 1, 0, 1, 0, 0, 1, 1, 1, 1, 0, 1, 1, 1, 1, 0, 0, 1, 0, 1, 1, 1, 1, 1, 0, 1, 1, 0, 1, 1, 1, 0, 0, 1, 1, a, 1, 2, 1, 2, 1, 2, 2, 1, 2, 2, 2, 2, 2, 1, 1, 1, 1, 1, 1, 2, 1, 2, 2, 1, 2, 0, a, 2, 1, 0, 2, 1, 1, 1, 0, 1, 1, 1, 1, 0, 1, 1, 1, 1, 0, 1, 1, 1, 1, 1, 1, 1, 0, 1, 1, 1, 1, 1, 1, 1, 1, 0, 1, 1, 1, 1, 1, 1, 1, 1, 0, 1, 1, 1, 1, 1, 1, 1, 0, 0, 1, 1, 1, 0, 1, 1, 1, 1, 1, 0]
[1, 1, 1, 2, 2, 0, 1, 2, 2, 2, 2, 2, 0, 2, 1, 0, 2, 2, 1, 1, 1, 2, 2, 1, 2, 2, 1, 2, 0, 1, 2, 1, 1, 1, 2, 1, 1, 0, 0, 0, 1, 1, 1, 1, 0, 1, 1, 1, 1, 1, 1, 1, 0, 1, 0, 1, 1, 1, 1, 1, 1, 1, 1, 1, 0, 1, 0, 1, 1, a, 0, 2, 1, 1, 1, 1, 2, 2, 1, 2, 2, 2, 1, 1, 0, 2, 2, 1, 2, 2, 1, 0, 2, 0, 2, 2, b, 2, 2, 0, 1, 1, 1, 1, 1, 0, 1, 1, 1, 1, 1, 1, 1, 1, 1, 1, 0, 1, 1, 1, 1, 1, 1, 1, 1, 0, 1, 1, 1, 1, 1, 1, 1, 1, 1, 0, 1, 1, 1, 1, 1, 1, 1, 1, 1, 1, 1, 1, 1, 0, 0, 1, 1, 1, 1, 1, 1, 1, 1, 1]
[1, 1, 2, 0, 1, 2, 2, 1, 2, 2, 0, 2, 0, 0, 0, 2, 2, 2, 2, 1, 1, 2, 1, 2, 1, 2, 1, 2, 1, 1, 2, 2, 0, 2, 2, 1, 1, 0, 1, 1, 1, 1, 0, 1, 1, 1, 1, 1, 1, 0, 1, 1, 1, 1, 1, 1, 1, 0, 1, 1, 1, 1, 1, 1, 1, 1, 1, 1, 1, a, 1, 1, 2, 0, 2, 1, 2, 0, 0, 0, 0, 2, 2, 0, 2, 1, 1, 1, 2, 1, 0, 1, 2, 0, 2, 2, b, 1, 1, 1, 1, 1, 1, 1, 1, 0, 0, 1, 1, 0, 1, 1, 1, 1, 0, 1, 1, 0, 1, 1, 0, 0, 0, 1, 1, 1, 0, 0, 0, 1, 1, 1, 1, 1, 1, 1, 1, 0, 1, 0, 1, 1, 1, 1, 0, 1, 0, 1, 1, 1, 1, 1, 1, 1, 0, 0, 1, 1, 1, 1]
[2, 2, 1, 1, 1, 0, 2, 1, 1, 2, 2, 0, 2, 2, 1, 2, 2, 0, 2, 2, 0, 2, 2, 2, 2, 2, 1, 2, 1, 2, 0, 2, 0, 0, 1, 0, 0, 1, 1, 1, 1, 1, 1, 0, 1, 1, 0, 1, 1, 1, 1, 1, 1, 1, 1, 1, 0, 1, 1, 1, 1, 1, 0, 1, 1, 0, 1, 0, 1, a, 1, 1, 1, 1, 2, 2, 0, 2, 1, 1, 0, 1, 2, 1, 1, 2, 1, 0, 1, 1, 2, 0, 1, 1, 0, 2, b, 2, 1, 2, 2, 0, 1, 0, 0, 1, 1, 1, 1, 1, 1, 1, 1, 1, 1, 1, 1, 1, 1, 1, 1, 1, 1, 1, 1, 1, 1, 1, 1, 1, 1, 1, 1, 1, 1, 1, 0, 1, 0, 1, 0, 1, 1, 1, 1, 1, 1, 1, 1, 1, 1, 1, 1, 1, 1, 1, 1, 1, 1, 0]
[0, 1, 1, 1, 2, 2, 0, 0, 0, 0, 1, 1, 0, 1, 1, 1, 2, 2, 0, 2, 2, 0, 2, 1, 1, 1, 1, 0, 2, 0, 2, 2, 2, 0, 1, 1, 1, 1, 1, 1, 1, 1, 1, 1, 1, 0, 1, 1, 1, 1, 1, 1, 1, 1, 1, 0, 1, 0, 1, 1, 1, 1, 1, 1, 1, 1, 1, 1, 1, a, 1, 0, 2, 1, 2, 1, 1, 1, 2, 2, 2, 1, 2, 0, 1, 1, 2, 1, 2, 2, 0, 2, 1, 1, 2, 2, a, 2, 2, 0, 0, 1, 1, 1, 0, 1, 1, 1, 1, 1, 1, 1, 0, 1, 1, 1, 1, 1, 0, 0, 0, 1, 0, 1, 1, 1, 1, 1, 1, 1, 1, 0, 1, 1, 1, 0, 1, 0, 0, 1, 1, 1, 0, 0, 1, 1, 1, 0, 1, 1, 1, 1, 1, 1, 1, 1, 0, 1, 0, 1]
[1, 1, 1, 0, 1, 2, 2, 0, 2, 0, 2, 2, 2, 2, 2, 1, 2, 1, 0, 1, 1, 1, 1, 1, 0, 2, 1, 1, 0, 1, 0, 2, 0, 1, 2, 1, 1, 0, 1, 0, 1, 1, 0, 0, 0, 1, 1, 1, 1, 0, 1, 1, 1, 1, 1, 1, 1, 1, 1, 1, 1, 1, 1, 1, 1, 1, 1, 0, 1, a, 1, 1, 2, 0, 1, 1, 1, 2, 2, 2, 1, 2, 1, 2, 1, 1, 0, 1, 1, 2, 2, 2, 2, 2, 2, 1, b, 0, 1, 0, 0, 2, 1, 1, 1, 1, 1, 1, 1, 0, 1, 1, 0, 0, 1, 1, 1, 1, 0, 0, 1, 1, 1, 1, 1, 1, 1, 1, 1, 0, 0, 1, 1, 1, 1, 1, 0, 1, 1, 1, 1, 1, 1, 1, 1, 1, 1, 1, 0, 1, 0, 1, 0, 1, 0, 1, 0, 1, 0, 1]
[1, 0, 1, 0, 1, 0, 0, 1, 1, 1, 0, 0, 1, 1, 1, 0, 1, 1, 1, 1, 1, 1, 1, 1, 1, 0, 1, 1, 1, 1, 0, 1, 1, 0, 0, 1, 1, 0, 1, 1, 1, 0, 0, 1, 1, 1, 1, 1, 1, 0, 1, 1, 0, 1, 1, 0, 1, 0, 1, 1, 1, 1, 1, 1, 0, 0, 1, 1, 1, a, 0, 1, 2, 2, 2, 2, 1, 0, 1, 1, 2, 0, 0, 2, 2, 0, 1, 0, 1, 0, 1, 1, 2, 0, 2, 1, a, 1, 2, 2, 1, 1, 1, 0, 1, 1, 1, 1, 1, 1, 0, 1, 0, 1, 1, 0, 0, 1, 1, 1, 1, 1, 1, 1, 1, 1, 0, 1, 0, 1, 1, 1, 1, 1, 0, 1, 1, 1, 0, 1, 0, 1, 1, 0, 0, 0, 1, 0, 1, 1, 1, 1, 1, 1, 1, 1, 0, 1, 1, 0]
[0, 0, 1, 0, 0, 1, 1, 1, 0, 1, 1, 0, 1, 0, 1, 1, 1, 1, 1, 0, 1, 1, 0, 1, 1, 0, 0, 1, 1, 1, 1, 1, 1, 1, 0, 1, 1, 1, 1, 0, 1, 1, 0, 1, 1, 1, 1, 1, 1, 1, 1, 1, 1, 0, 1, 1, 1, 1, 1, 1, 1, 1, 1, 1, 1, 1, 0, 1, 1, a, 0, 1, 1, 1, 1, 1, 1, 1, 1, 1, 1, 1, 1, 1, 1, 0, 1, 1, 1, 1, 1, 1, 1, 0, 1, 1, a, 0, 1, 1, 1, 1, 1, 0, 1, 1, 1, 1, 1, 1, 0, 1, 1, 1, 1, 1, 1, 1, 1, 1, 1, 1, 1, 1, 1, 1, 1, 1, 1, 0, 1, 1, 0, 1, 1, 0, 0, 1, 1, 1, 1, 1, 1, 1, 1, 1, 1, 1, 1, 1, 0, 1, 1, 0, 1, 0, 1, 1, 0, 1]
[0, 1, 1, 1, 0, 1, 1, 0, 0, 0, 1, 1, 1, 1, 1, 1, 1, 1, 1, 1, 1, 0, 0, 1, 1, 1, 1, 1, 1, 1, 1, 1, 1, 1, 1, 1, 0, 0, 1, 1, 1, 1, 1, 1, 1, 1, 1, 1, 1, 1, 1, 1, 1, 1, 0, 0, 1, 1, 1, 1, 0, 1, 1, 0, 1, 0, 1, 1, 1, a, 1, 1, 1, 0, 1, 1, 1, 0, 1, 1, 1, 1, 1, 0, 1, 1, 1, 1, 1, 0, 1, 1, 1, 1, 1, 1, a, 1, 1, 1, 0, 1, 1, 1, 1, 1, 1, 0, 1, 1, 1, 1, 1, 0, 1, 1, 1, 0, 1, 0, 1, 1, 1, 1, 1, 1, 1, 1, 1, 1, 1, 1, 1, 0, 1, 1, 1, 1, 1, 0, 1, 0, 0, 1, 1, 1, 1, 1, 1, 1, 0, 1, 1, 1, 1, 0, 1, 1, 1, 1]
[1, 1, 0, 1, 1, 1, 1, 1, 1, a, a, a, a, a, a, a, a, a, a, a, a, a, a, a, a, a, a, a, a, a, a, a, a, a, a, a, a, a, a, a, a, a, a, a, a, a, a, a, a, a, a, a, a, a, a, a, a, a, a, a, a, a, a, a, a, a, a, a, a, a, 1, 1, 1, 1, 1, 1, 0, 1, 1, 1, 1, 0, 0, 1, 1, 1, 1, 1, 1, 1, 1, 0, 1, 1, 1, 1, a, 0, 1, 1, 0, 1, 1, 0, 1, 0, 1, 1, 1, 1, 1, 1, 1, 1, 1, 0, 1, 1, 1, 1, 1, 0, 1, 1, 0, 1, 1, 1, 1, 0, 1, 0, 1, 1, 1, 1, 1, 1, 1, 1, 1, 0, 1, 1, 1, 1, 0, 0, 0, 1, 1, 0, 1, 0, 1, 1, 0, 1, 1, 1]
[1, 1, 1, 1, 1, 0, 1, 1, 1, 1, 1, 1, 1, 0, 1, 1, 1, 1, 1, 1, 1, 1, 1, 1, 1, 1, 1, 1, 0, 1, 1, 1, 1, 0, 1, 1, 1, 1, 1, 1, 1, 0, 1, 0, 1, 1, 1, 1, 1, 1, 1, 1, 1, 1, 1, 1, 0, 0, 0, 1, 1, 1, 1, 0, 1, 1, 0, 0, 1, a, 1, 1, 1, 0, 1, 1, a, a, a, a, a, a, a, a, a, a, a, b, a, a, a, a, a, a, b, b, a, 2, 1, 1, 2, 0, 2, 2, 0, 1, 0, 2, 1, 1, 0, 1, 0, 2, 1, 2, 2, 0, 1, 1, 1, 1, 1, 1, 1, 1, 0, 1, 1, 0, 1, 0, 0, 1, 0, 1, 0, 1, 1, 1, 1, 1, 1, 0, 1, 1, 1, 1, 1, 0, 1, 1, 0, 1, 1, 0, 0, 1, 1, 1]
[1, 1, 1, 0, 1, 1, 1, 1, 1, 0, 0, 1, 1, 1, 1, 1, 1, 1, 0, 1, 1, 1, 1, 0, 0, 1, 1, 1, 0, 1, 0, 1, 1, 0, 1, 1, 0, 1, 1, 1, 1, 1, 1, 1, 1, 1, 1, 1, 1, 1, 1, 1, 1, 1, 1, 1, 1, 1, 1, 1, 1, 1, 1, 1, 1, 1, 1, 1, 1, a, 1, 0, 0, 0, 1, 1, a, 0, 1, 0, 1, 1, 1, 1, 0, 1, 2, 1, 2, 0, 1, 2, 0, 2, 2, 2, 2, 2, 2, 0, 2, 0, 2, 0, 1, 2, 2, 2, 0, 0, 1, 2, 1, 1, 2, 1, 2, 1, 1, 1, 1, 1, 1, 1, 1, 1, 1, 1, 1, 0, 1, 1, 0, 1, 1, 1, 1, 1, 1, 1, 1, 1, 1, 1, 1, 0, 1, 1, 1, 1, 1, 1, 1, 1, 1, 1, 0, 1, 1, 1]
[1, 1, 0, 0, 1, 0, 1, 1, 1, 1, 1, 1, 1, 0, 1, 1, 1, 1, 0, 1, 1, 0, 0, 0, 1, 1, 1, 1, 0, 1, 0, 1, 0, 1, 1, 1, 1, 1, 1, 1, 1, 1, 1, 1, 0, 1, 1, 1, 1, 1, 0, 1, 1, 1, 1, 1, 1, 1, 0, 1, 1, 1, 0, 1, 1, 1, 0, 1, 1, a, 1, 1, 1, 1, 1, 1, a, 1, 0, 1, 1, 0, 1, 1, 0, 1, 2, 0, 1, 1, 2, 1, 2, 1, 2, 2, 2, 0, 2, 1, 2, 2, 0, 2, 2, 1, 2, 0, 0, 2, 2, 1, 2, 1, 2, 0, 2, 1, 0, 1, 1, 0, 1, 1, 0, 1, 1, 0, 0, 1, 1, 1, 1, 1, 1, 0, 1, 1, 1, 0, 1, 1, 1, 0, 1, 1, 1, 1, 1, 1, 1, 0, 1, 1, 1, 1, 0, 0, 0, 0]
[1, 1, 1, 1, 1, 1, 0, 1, 1, 1, 0, 1, 1, 1, 1, 1, 1, 1, 1, 1, 1, 1, 1, 1, 1, 1, 0, 1, 0, 1, 1, 1, 1, 1, 1, 1, 1, 1, 1, 1, 1, 1, 1, 1, 1, 1, 1, 1, 1, 0, 1, 1, 1, 1, 1, 1, 1, 1, 1, 0, 1, 1, 1, 0, 0, 0, 0, 1, 1, a, 0, 1, 1, 1, 1, 0, a, 1, 1, 0, 1, 0, 1, 0, 1, 1, 1, 0, 2, 0, 1, 2, 2, 1, 0, 1, 2, 1, 2, 2, 2, 1, 1, 2, 1, 0, 2, 2, 1, 2, 2, 2, 2, 2, 2, 0, 1, 1, 1, 0, 1, 1, 1, 1, 1, 1, 1, 1, 1, 0, 1, 1, 1, 1, 1, 1, 0, 1, 0, 1, 1, 1, 1, 1, 1, 1, 0, 1, 1, 1, 1, 1, 1, 1, 1, 0, 1, 1, 0, 1]
[a, 1, 1, 1, 1, 1, 1, 1, 1, 1, 1, 1, 1, 1, 1, 1, 0, 1, 0, 0, 1, 1, 1, 1, 1, 1, 1, 1, 0, 1, 1, 1, 1, 1, 1, 0, 1, 1, 0, 1, 1, 1, 1, 0, 1, 1, 1, 1, 0, 1, 1, 1, 1, 1, 1, 1, 1, 1, 1, 1, 1, 1, 0, 1, 1, 0, 0, 0, 0, a, 1, 1, 1, 1, 1, 1, a, 1, 1, 1, 0, 1, 1, 1, 1, 1, 2, 1, 1, 2, 1, 0, 0, 1, 2, 1, 0, 1, 2, 2, 1, 2, 1, 1, 1, 1, 2, 1, 2, 0, 2, 0, 1, 2, 2, 1, 1, 1, 1, 1, 0, 0, 0, 1, 1, 1, 1, 1, 1, 1, 1, 1, 1, 1, 1, 1, 1, 1, 1, 0, 1, 1, 1, 1, 1, 1, 1, 1, 0, 1, 0, 1, 1, 1, 1, 1, 1, 0, 1, 0]
[a, 0, 1, 1, 1, 1, 0, 1, 1, 0, 1, 1, 0, 1, 1, 1, 1, 0, 1, 1, 1, 1, 1, 1, 1, 1, 1, 0, 1, 1, 1, 1, 1, 1, 1, 0, 1, 1, 1, 1, 1, 1, 1, 1, 1, 1, 1, 0, 0, 1, 1, 0, 1, 1, 1, 1, 1, 1, 1, 1, 1, 0, 1, 1, 1, 1, 1, 1, 1, a, 1, 0, 1, 1, 1, 1, a, 0, 1, 1, 1, 1, 0, 0, 0, 0, 1, 2, 2, 1, 2, 1, 0, 0, 1, 2, 2, 0, 1, 2, 0, 1, 2, 2, 2, 2, 1, 1, 1, 1, 2, 0, 1, 0, 1, 1, 1, 1, 1, 0, 1, 1, 1, 1, 1, 1, 1, 1, 1, 1, 1, 1, 1, 1, 0, 1, 1, 0, 0, 1, 1, 1, 1, 1, 1, 1, 0, 1, 1, 1, 1, 1, 1, 1, 1, 1, 0, 1, 1, 1]
[a, 0, 1, 0, 1, 1, 1, 1, 1, 1, 1, 1, 1, 1, 0, 1, 1, 1, 1, 1, 1, 1, 1, 1, 1, 0, 1, 1, 1, 0, 1, 1, 1, 0, 0, 1, 1, 1, 1, 1, 1, 0, 1, 1, 1, 1, 1, 1, 1, 0, 1, 1, 1, 1, 1, 0, 1, 0, 1, 1, 1, 1, 1, 1, 1, 1, 1, 1, 1, a, 1, 0, 1, 0, 0, 1, a, 0, 1, 1, 1, 1, 1, 1, 1, 1, 1, 2, 0, 0, 1, 2, 2, 2, 0, 2, 0, 0, 0, 0, 2, 0, 1, 1, 1, 1, 2, 0, 1, 2, 2, 2, 1, 2, 1, 1, 2, 1, 1, 1, 0, 1, 1, 0, 1, 1, 1, 1, 1, 1, 0, 0, 1, 1, 1, 0, 0, 1, 0, 1, 1, 1, 1, 1, 1, 0, 1, 1, 1, 1, 1, 1, 1, 0, 1, 1, 1, 1, 1, 1]
[a, 0, 1, 1, 1, 1, 1, 1, 1, 1, 0, 1, 1, 1, 1, 0, 1, 1, 1, 1, 1, 1, 1, 1, 1, 0, 1, 1, 1, 1, 1, 1, 1, 1, 1, 0, 1, 1, 1, 0, 1, 1, 1, 0, 1, 0, 1, 1, 1, 1, 1, 0, 1, 0, 1, 1, 1, 1, 1, 1, 1, 0, 1, 0, 1, 0, 1, 1, 1, a, 1, 1, 0, 1, 1, 1, a, 1, 0, 1, 1, 1, 1, 1, 1, 0, 2, 2, 1, 2, 2, 1, 2, 2, 1, 0, 1, 1, 0, 1, 2, 1, 1, 1, 1, 2, 1, 2, 1, 2, 0, 2, 2, 1, 2, 2, 2, 1, 1, 1, 0, 1, 1, 1, 0, 1, 1, 1, 1, 0, 1, 1, 1, 1, 1, 0, 0, 1, 1, 1, 1, 1, 1, 0, 0, 1, 0, 0, 1, 0, 1, 0, 0, 1, 1, 1, 1, 1, 1, 1]
[a, 0, 1, 1, 0, 0, 0, 1, 1, 1, 1, 1, 1, 1, 1, 1, 1, 0, 0, 1, 1, 1, 1, 1, 0, 1, 0, 1, 0, 1, 0, 1, 1, 1, 1, 1, 1, 1, 0, 1, 1, 1, 1, 1, 1, 1, 0, 1, 1, 0, 0, 0, 1, 0, 0, 0, 1, 1, 0, 0, 1, 1, 1, 0, 1, 1, 1, 1, 0, a, 0, 1, 1, 1, 1, 0, a, 1, 1, 1, 0, 1, 1, 1, 1, 1, 1, 1, 1, 2, 2, 0, 1, 2, 1, 2, 2, 1, 1, 1, 2, 1, 1, 1, 0, 2, 2, 1, 2, 2, 1, 2, 2, 0, 1, 1, 2, 1, 1, 1, 1, 1, 1, 1, 0, 0, 1, 1, 1, 1, 1, 1, 1, 1, 0, 1, 1, 1, 0, 1, 0, 1, 1, 1, 0, 1, 1, 0, 0, 0, 1, 1, 1, 1, 1, 1, 1, 1, 1, 1]
[a, 0, 1, 1, 1, 1, 1, 0, 0, 1, 1, 0, 1, 1, 1, 0, 1, 1, 1, 1, 0, 1, 1, 0, 1, 1, 1, 1, 0, 1, 1, 0, 0, 1, 1, 0, 0, 0, 1, 1, 1, 0, 0, 1, 1, 1, 1, 1, 1, 0, 0, 1, 1, 1, 1, 1, 1, 1, 1, 1, 1, 1, 1, 1, 1, 0, 0, 1, 1, a, 1, 1, 1, 1, 1, 1, a, 1, 1, 1, 0, 1, 0, 0, 1, 0, 2, 1, 0, 1, 2, 2, 1, 2, 1, 2, 2, 1, 0, 1, 2, 0, 1, 0, 1, 2, 2, 1, 0, 2, 0, 0, 1, 1, 1, 0, 2, 1, 1, 0, 0, 1, 1, 1, 1, 0, 1, 1, 1, 1, 1, 1, 1, 0, 1, 1, 1, 1, 1, 0, 1, 1, 1, 1, 1, 1, 1, 1, 0, 1, 1, 1, 1, 1, 1, 1, 1, 1, 1, 1]
[a, 0, 0, 1, 1, 0, 0, 1, 1, 1, 1, 1, 1, 1, 1, 1, 0, 1, 1, 0, 1, 1, 1, 1, 0, 0, 1, 0, 1, 1, 0, 1, 1, 1, 1, 1, 0, 1, 1, 1, 1, 0, 1, 1, 1, 1, 1, 1, 1, 0, 1, 1, 1, 1, 0, 1, 1, 1, 1, 1, 1, 1, 1, 1, 0, 1, 1, 0, 0, a, 0, 1, 0, 1, 0, 1, a, 0, 1, 0, 1, 1, 1, 1, 1, 0, 2, 2, 0, 2, 2, 2, 2, 1, 0, 0, 2, 1, 1, 1, 0, 0, 2, 1, 0, 2, 2, 1, 1, 2, 2, 1, 2, 0, 1, 1, 1, 1, 0, 1, 0, 1, 1, 1, 1, 0, 1, 1, 1, 0, 1, 0, 1, 1, 1, 0, 0, 1, 1, 1, 1, 1, 1, 1, 0, 0, 1, 1, 1, 1, 1, 1, 1, 1, 1, 1, 1, 1, 1, 1]
[a, 1, 0, 1, 1, 1, 1, 1, 1, 1, 1, 0, 1, 1, 1, 1, 1, 1, 0, 1, 1, 1, 1, 1, 0, 0, 1, 0, 1, 1, 1, 0, 0, 1, 1, 1, 1, 1, 0, 1, 1, 1, 1, 1, 1, 1, 1, 1, 0, 1, 1, 1, 1, 1, 0, 1, 1, 1, 1, 1, 1, 1, 1, 0, 1, 0, 1, 0, 0, a, 1, 0, 1, 1, 1, 1, a, 1, 1, 1, 1, 0, 1, 0, 1, 1, 2, 2, 0, 2, 0, 0, 2, 2, 0, 2, 0, 1, 0, 1, 2, 2, 1, 0, 1, 2, 1, 1, 2, 1, 0, 2, 0, 2, 2, 0, 1, 1, 0, 1, 1, 0, 1, 0, 0, 1, 1, 0, 1, 0, 1, 1, 0, 1, 1, 0, 1, 1, 0, 1, 1, 1, 1, 1, 1, 1, 0, 1, 1, 1, 0, 1, 1, 1, 0, 1, 0, 1, 0, 1]
[a, 1, 1, 1, 1, 1, 1, 1, 1, 1, 1, 1, 1, 0, 1, 1, 0, 1, 0, 1, 0, 1, 1, 1, 1, 1, 1, 1, 1, 0, 0, 1, 1, 0, 1, 1, 0, 1, 0, 1, 1, 1, 1, 1, 1, 1, 1, 0, 0, 1, 1, 1, 1, 0, 1, 1, 0, 1, 1, 1, 1, 1, 1, 1, 1, 1, 1, 1, 1, a, 0, 1, 1, 1, 1, 0, a, 1, 0, 1, 1, 1, 1, 1, 1, 0, 2, 1, 2, 1, 0, 2, 1, 0, 1, 1, 2, 0, 2, 0, 2, 2, 2, 0, 2, 1, 1, 2, 2, 1, 2, 0, 2, 2, 0, 0, 0, 1, 1, 1, 1, 1, 1, 1, 1, 1, 1, 1, 0, 0, 1, 1, 0, 0, 1, 1, 1, 1, 1, 0, 1, 1, 1, 1, 0, 1, 0, 1, 0, 1, 1, 1, 1, 1, 1, 0, 1, 0, 1, 0]
[a, 1, 0, 1, 1, 0, 1, 0, 1, 1, 1, 1, 0, 1, 1, 1, 1, 1, 0, 1, 0, 1, 1, 1, 1, 1, 1, 1, 1, 1, 1, 1, 1, 1, 1, 0, 1, 1, 1, 1, 1, 0, 0, 1, 1, 1, 1, 1, 1, 0, 1, 1, 1, 1, 1, 1, 1, 0, 0, 1, 1, 1, 1, 1, 1, 1, 1, 1, 1, a, 1, 1, 1, 1, 1, 1, a, 1, 0, 0, 1, 1, 1, 1, 1, 1, 1, 1, 0, 0, 2, 1, 2, 0, 0, 2, 2, 2, 1, 1, 2, 2, 1, 1, 2, 2, 0, 0, 2, 2, 1, 1, 1, 2, 2, 1, 1, 1, 1, 1, 1, 1, 1, 0, 0, 1, 1, 1, 1, 1, 1, 1, 1, 1, 1, 1, 1, 1, 1, 1, 1, 1, 0, 0, 1, 0, 1, 1, 1, 0, 1, 0, 1, 1, 1, 0, 0, 1, 0, 0]
[a, 0, 1, 1, 0, 0, 1, 1, 1, 1, 0, 1, 1, 1, 1, 0, 1, 1, 0, 1, 1, 1, 1, 1, 1, 1, 1, 0, 1, 1, 1, 1, 1, 1, 0, 1, 1, 1, 1, 0, 0, 1, 1, 1, 0, 1, 1, 0, 1, 1, 1, 1, 1, 0, 1, 0, 0, 0, 1, 1, 1, 0, 0, 1, 0, 1, 1, 1, 0, a, 1, 1, 0, 1, 1, 0, a, 1, 1, 1, 1, 0, 1, 1, 1, 1, 0, 2, 1, 1, 2, 1, 1, 1, 2, 0, 1, 1, 0, 1, 1, 1, 1, 1, 1, 2, 1, 1, 2, 2, 2, 2, 0, 1, 2, 0, 2, 0, 1, 1, 1, 0, 0, 1, 1, 1, 1, 0, 1, 1, 1, 1, 1, 1, 1, 1, 1, 1, 1, 1, 1, 1, 1, 0, 1, 0, 1, 1, 1, 0, 1, 1, 0, 0, 1, 1, 1, 1, 1, 1]
[a, 1, 0, 1, 1, 0, 1, 1, 1, 1, 1, 1, 1, 0, 0, 1, 0, 1, 1, 0, 1, 1, 1, 1, 1, 1, 0, 1, 1, 1, 1, 1, 1, 1, 1, 1, 1, 0, 1, 1, 1, 1, 0, 1, 0, 0, 0, 1, 1, 1, 0, 1, 0, 1, 1, 0, 0, 1, 0, 1, 1, 0, 1, 0, 1, 1, 1, 0, 0, a, 1, 0, 1, 1, 2, 2, a, 1, 1, 0, 0, 0, 2, 1, 1, 1, 1, 2, 0, 1, 1, 1, 2, 2, 2, 2, 2, 1, 2, 1, 1, 0, 2, 1, 1, 2, 0, 0, 1, 1, 0, 1, 2, 2, 1, 1, 1, 1, 0, 1, 1, 1, 1, 1, 1, 1, 1, 1, 1, 1, 1, 1, 0, 1, 1, 1, 1, 0, 1, 1, 1, 1, 1, 0, 0, 1, 1, 1, 1, 0, 1, 1, 1, 1, 1, 1, 0, 1, 1, 0]
[a, 0, 0, 1, 1, 1, 0, 1, 0, 1, 1, 1, 0, 1, 1, 1, 0, 1, 1, 1, 0, 1, 1, 1, 0, 1, 0, 1, 1, 1, 1, 1, 1, 1, 0, 1, 1, 1, 2, 1, 2, 2, 2, 2, 0, 0, 2, 2, 2, 1, 2, 2, 1, 1, 2, 2, 1, 0, 0, 1, 1, 1, 2, 1, 2, 1, 2, 1, 1, a, 1, 1, 1, 1, 2, 1, b, 2, 1, 1, 2, 2, 1, 1, 0, 0, 1, 0, 0, 2, 0, 2, 2, 2, 2, 1, 2, 2, 2, 2, 1, 1, 2, 2, 2, 2, 0, 2, 1, 2, 1, 1, 2, 2, 0, 0, 0, 1, 1, 1, 1, 1, 1, 1, 1, 1, 0, 1, 1, 1, 1, 0, 1, 1, 1, 1, 1, 1, 1, 1, 0, 0, 0, 1, 1, 0, 1, 1, 1, 1, 1, 1, 1, 1, 1, 1, 0, 1, 1, 0]
[a, 1, 1, 1, 0, 1, 1, 1, 1, 0, 1, 0, 1, 1, 1, 1, 1, 1, 0, 1, 0, 1, 0, 1, 1, 0, 1, 0, 0, 1, 0, 0, 1, 1, 0, 1, 2, 1, 1, 2, 2, 0, 1, 1, 0, 2, 2, 0, 2, 2, 2, 1, 1, 2, 1, 1, 0, 2, 1, 2, 2, 2, 2, 2, 1, 1, 2, 1, 1, a, 1, 1, 2, 2, 0, 1, a, 1, 1, 2, 1, 1, 1, 2, 0, 2, 1, 1, 2, 1, 1, 2, 2, 2, 0, 2, 2, 0, 2, 0, 0, 2, 2, 1, 0, 0, 1, 1, 1, 0, 1, 2, 0, 2, 2, 1, 2, 1, 1, 0, 1, 1, 1, 0, 1, 1, 0, 0, 1, 1, 0, 1, 1, 1, 1, 0, 1, 1, 1, 1, 1, 0, 1, 1, 1, 1, 1, 1, 1, 1, 1, 1, 0, 0, 1, 0, 1, 1, 1, 1]
[a, 0, 0, 1, 1, 1, 0, 0, 0, 1, 1, 1, 1, 0, 1, 1, 1, 0, 0, 1, 1, 1, 1, 1, 1, 1, 1, 1, 1, 1, 1, 1, 1, 1, 1, 1, 2, 0, 2, 2, 1, 1, 0, 2, 2, 1, 0, 1, 1, 2, 2, 1, 1, 2, 2, 2, 1, 0, 1, 0, 2, 2, 2, 2, 0, 1, 0, 2, 2, a, 0, 2, 1, 1, 2, 1, b, 1, 0, 1, 1, 2, 2, 2, 2, 1, 2, 2, 0, 2, 2, 2, 2, 2, 1, 0, 2, 2, 2, 1, 0, 0, 2, 2, 1, 1, 1, 2, 2, 2, 2, 0, 0, 0, 1, 1, 0, 1, 1, 0, 1, 1, 0, 1, 1, 0, 1, 1, 1, 0, 0, 1, 1, 1, 1, 1, 1, 1, 1, 1, 0, 0, 1, 1, 1, 1, 1, 1, 1, 1, 1, 1, 1, 1, 0, 1, 0, 1, 1, 1]
[a, 1, 1, 0, 1, 0, 0, 0, 1, 1, 1, 1, 1, 1, 1, 1, 1, 1, 0, 1, 0, 1, 0, 0, 0, 1, 1, 1, 1, 1, 1, 1, 1, 1, 0, 1, 2, 2, 2, 2, 1, 1, 1, 0, 2, 1, 0, 1, 2, 1, 0, 0, 1, 2, 2, 1, 2, 0, 2, 2, 1, 1, 2, 1, 1, 1, 1, 0, 2, b, 1, 2, 2, 1, 1, 2, b, 1, 2, 2, 1, 1, 1, 0, 2, 2, 2, 0, 2, 2, 2, 2, 1, 0, 2, 0, 0, 2, 2, 2, 0, 1, 2, 1, 1, 1, 1, 1, 2, 1, 2, 0, 2, 1, 2, 1, 2, 1, 0, 1, 1, 1, 0, 1, 0, 1, 1, 1, 1, 1, 1, 1, 1, 1, 1, 0, 1, 1, 0, 1, 1, 0, 1, 1, 1, 0, 1, 1, 1, 0, 0, 1, 1, 1, 0, 1, 0, 1, 0, 1]
[a, 0, 1, 0, 1, 1, 1, 1, 0, 1, 1, 1, 1, 1, 1, 1, 0, 1, 1, 1, 1, 1, 1, 1, 0, 1, 1, 1, 1, 1, 1, 1, 0, 1, 1, 1, 2, 2, 2, 2, 1, 1, 2, 1, 0, 1, 0, 0, 0, 2, 1, 1, 2, 0, 1, 0, 2, 1, 0, 0, 0, 0, 1, 0, 1, 2, 1, 1, 2, a, 0, 1, 1, 0, 2, 0, b, 2, 1, 1, 2, 1, 2, 2, 0, 2, 2, 2, 2, 2, 2, 2, 2, 1, 0, 2, 1, 2, 0, 1, 1, 0, 1, 2, 2, 1, 2, 1, 0, 1, 2, 1, 2, 1, 2, 2, 2, 1, 1, 1, 1, 0, 1, 1, 1, 1, 1, 0, 1, 1, 1, 0, 0, 0, 1, 1, 1, 0, 1, 1, 0, 1, 1, 0, 0, 1, 0, 1, 1, 0, 1, 0, 1, 1, 1, 1, 0, 1, 1, 1]
[a, 1, 1, 1, 1, 1, 1, 1, 1, 1, 1, 1, 0, 1, 1, 1, 1, 1, 1, 0, 1, 1, 1, 1, 1, 1, 1, 1, 1, 1, 1, 1, 1, 0, 1, 1, 2, 2, 1, 2, 2, 1, 2, 1, 1, 2, 1, 2, 1, 1, 2, 1, 1, 2, 1, 1, 1, 1, 2, 1, 0, 2, 1, 2, 2, 2, 2, 2, 1, b, 2, 1, 0, 0, 2, 1, b, 1, 2, 0, 1, 1, 1, 0, 2, 0, 0, 2, 2, 2, 2, 2, 2, 2, 2, 2, 1, 2, 1, 0, 2, 2, 2, 2, 2, 0, 2, 1, 2, 2, 2, 1, 2, 0, 1, 2, 1, 1, 1, 0, 1, 1, 1, 0, 1, 1, 1, 1, 0, 1, 1, 0, 1, 1, 1, 1, 1, 1, 1, 1, 1, 0, 1, 1, 1, 1, 1, 1, 1, 1, 1, 1, 1, 0, 1, 1, 0, 1, 1, 0]
[a, 1, 0, 1, 1, 1, 1, 1, 1, 1, 1, 1, 1, 1, 1, 0, 1, 0, 1, 0, 1, 1, 0, 1, 1, 0, 1, 1, 0, 1, 1, 1, 0, 1, 1, 1, 0, 2, 1, 1, 2, 2, 2, 0, 2, 1, 0, 0, 0, 2, 0, 2, 1, 0, 2, 2, 1, 2, 2, 2, 1, 2, 2, 1, 1, 0, 2, 2, 1, b, 1, 2, 1, 2, 1, 2, a, 1, 2, 1, 1, 0, 2, 1, 1, 0, 2, 1, 0, 1, 2, 1, 2, 2, 2, 1, 2, 2, 2, 1, 2, 2, 2, 1, 0, 1, 1, 2, 2, 2, 2, 1, 1, 1, 0, 1, 2, 1, 1, 1, 1, 0, 1, 0, 1, 1, 0, 0, 1, 1, 1, 1, 0, 1, 1, 1, 1, 1, 0, 1, 0, 1, 1, 1, 0, 1, 1, 1, 1, 1, 1, 1, 1, 1, 1, 1, 0, 1, 1, 0]
[a, 1, 1, 1, 1, 1, 1, 1, 1, 1, 1, 1, 1, 1, 1, 1, 1, 1, 1, 1, 0, 1, 1, 1, 1, 1, 1, 1, 1, 1, 1, 1, 0, 0, 1, 1, 1, 2, 1, 0, 0, 0, 2, 0, 1, 1, 1, 2, 2, 2, 2, 1, 1, 2, 2, 2, 1, 1, 0, 1, 1, 1, 0, 2, 1, 1, 2, 1, 1, b, 0, 2, 0, 1, 0, 2, a, 2, 1, 1, 2, 1, 2, 1, 2, 1, 0, 1, 2, 0, 1, 2, 2, 0, 2, 2, 2, 2, 2, 1, 0, 1, 1, 0, 2, 1, 1, 0, 0, 2, 0, 1, 2, 0, 1, 1, 0, 1, 0, 1, 0, 1, 1, 1, 1, 1, 1, 1, 0, 1, 1, 1, 1, 1, 1, 1, 1, 0, 1, 0, 0, 0, 1, 1, 1, 1, 1, 0, 1, 1, 1, 1, 1, 1, 0, 1, 1, 1, 1, 1]
[a, a, a, a, a, a, a, a, a, a, a, a, a, a, a, a, a, a, a, a, a, a, a, a, a, a, a, a, a, a, a, a, a, a, a, a, a, b, b, a, a, 0, 2, 2, 1, 2, 1, 0, 2, 0, 1, 1, 2, 1, 1, 1, 1, 1, 0, 1, 2, 1, 2, 0, 1, 1, 1, 2, 2, a, 0, 1, 1, 2, 0, 2, a, 2, 2, 0, 0, 2, 2, 2, 0, 1, 2, 1, 2, 1, 1, 0, 1, 2, 1, 1, 0, 2, 1, 1, 0, 0, 1, 0, 1, 1, 2, 0, 0, 2, 1, 2, 1, 1, 0, 2, 2, 1, 1, 0, 1, 1, 1, 1, 0, 1, 1, 1, 1, 1, 1, 1, 1, 0, 0, 1, 1, 1, 1, 1, 1, 1, 1, 1, 0, 1, 1, 0, 1, 1, 0, 1, 1, 1, 1, 1, 1, 1, 0, 1]
[1, 0, 1, 1, 0, 1, 0, 1, 1, 1, 1, 1, 1, 1, 1, 1, 1, 1, 0, 1, 1, 1, 0, 1, 1, 0, 1, 1, 0, 1, 1, 1, 1, 1, 1, 1, 1, 2, 2, 1, a, 0, 2, 1, 2, 2, 0, 2, 1, 2, 0, 2, 1, 2, 2, 2, 2, 2, 1, 1, 2, 0, 1, 1, 2, 2, 2, 2, 2, a, 0, 1, 1, 1, 2, 2, a, 0, 0, 0, 0, 1, 1, 2, 2, 1, 2, 2, 0, 2, 0, 2, 2, 2, 2, 2, 2, 1, 2, 1, 1, 2, 1, 1, 2, 0, 1, 2, 1, 1, 0, 2, 1, 2, 1, 1, 2, 1, 1, 1, 1, 1, 1, 1, 1, 1, 1, 1, 1, 1, 0, 0, 1, 1, 1, 0, 1, 1, 1, 1, 1, 0, 1, 1, 1, 0, 1, 1, 1, 0, 1, 1, 1, 1, 1, 0, 1, 1, 1, 1]
[0, 1, 0, 1, 1, 1, 1, 1, 1, 0, 1, 0, 1, 1, 0, 1, 1, 1, 1, 1, 1, 1, 1, 1, 1, 1, 1, 0, 1, 1, 1, 1, 1, 1, 1, 1, 1, 2, 1, 2, a, 2, 0, 2, 1, 1, 0, 0, 0, 1, 1, 2, 1, 1, 1, 1, 1, 2, 1, 0, 1, 1, 1, 2, 1, 2, 2, 2, 2, a, 2, 1, 2, 2, 0, 1, a, 1, 2, 1, 2, 1, 2, 2, 1, 1, 0, 2, 2, 0, 2, 2, 2, 2, 2, 2, 2, 2, 1, 2, 2, 0, 2, 0, 2, 0, 0, 2, 2, 2, 1, 2, 1, 2, 0, 1, 2, 1, 1, 1, 1, 0, 1, 1, 1, 1, 1, 1, 1, 1, 1, 1, 1, 0, 1, 1, 1, 0, 1, 1, 1, 1, 1, 1, 1, 1, 1, 1, 1, 1, 0, 1, 1, 0, 1, 1, 1, 0, 0, 1]
[1, 1, 1, 1, 1, 1, 1, 0, 1, 1, 1, 1, 1, 1, 1, 0, 1, 1, 1, 1, 1, 1, 1, 1, 0, 1, 1, 1, 1, 1, 1, 1, 1, 1, 1, 1, 0, 1, 2, 2, a, 1, 2, 1, 0, 2, 2, 2, 2, 1, 0, 2, 1, 0, 2, 2, 1, 1, 0, 2, 1, 2, 2, 2, 1, 0, 2, 2, 0, b, 1, 2, 2, 0, 2, 0, b, 2, 0, 1, 1, 2, 1, 0, 1, 2, 1, 0, 1, 2, 2, 0, 1, 2, 2, 2, 0, 2, 0, 0, 0, 1, 1, 1, 2, 0, 2, 1, 1, 0, 2, 1, 2, 0, 1, 2, 0, 1, 0, 1, 1, 0, 0, 0, 1, 1, 1, 1, 1, 1, 1, 1, 1, 1, 1, 1, 1, 1, 1, 1, 1, 1, 0, 1, 0, 0, 1, 1, 1, 1, 1, 1, 1, 0, 1, 0, 1, 1, 1, 1]
[0, 1, 1, 1, 1, 0, 1, 1, 1, 1, 1, 1, 1, 1, 1, 1, 1, 1, 1, 1, 1, 1, 1, 1, 1, 0, 1, 1, 1, 1, 1, 1, 1, 1, 0, 1, 2, 2, 1, 2, a, 1, 0, 0, 1, 2, 1, 1, 1, 2, 2, 2, 2, 2, 1, 0, 2, 2, 1, 2, 2, 2, 2, 1, 1, 1, 1, 0, 2, b, 1, 1, 0, 0, 1, 2, a, 1, 1, 1, 0, 1, 2, 1, 2, 1, 2, 1, 2, 1, 0, 1, 1, 2, 1, 2, 1, 2, 1, 0, 1, 2, 1, 2, 0, 1, 1, 1, 0, 1, 2, 1, 1, 1, 0, 1, 0, 1, 1, 1, 1, 0, 1, 1, 1, 1, 1, 1, 1, 0, 1, 0, 1, 1, 1, 1, 1, 1, 0, 1, 1, 1, 1, 0, 1, 0, 1, 1, 1, 1, 1, 1, 1, 1, 1, 1, 1, 1, 1, 1]
[1, 0, 1, 1, 0, 1, 0, 1, 1, 0, 1, 1, 1, 1, 1, 1, 1, 0, 1, 1, 1, 1, 1, 1, 1, 0, 1, 1, 1, 1, 0, 1, 1, 0, 1, 1, 1, 0, 2, 0, a, 2, 1, 1, 2, 0, 1, 0, 0, 1, 1, 0, 1, 1, 2, 1, 2, 1, 0, 1, 1, 1, 1, 0, 1, 1, 0, 0, 2, a, 1, 2, 2, 1, 0, 0, a, 0, 1, 1, 0, 1, 1, 2, 1, 1, 2, 2, 2, 1, 1, 1, 2, 2, 1, 1, 2, 0, 2, 1, 1, 2, 2, 2, 1, 2, 2, 1, 2, 1, 2, 1, 1, 2, 0, 0, 2, 0, 1, 1, 1, 1, 1, 1, 0, 1, 1, 0, 1, 1, 0, 1, 1, 0, 1, 1, 1, 0, 1, 1, 1, 1, 0, 1, 1, 1, 1, 0, 1, 1, 1, 1, 1, 1, 1, 1, 1, 1, 1, 1]
[0, 1, 0, 0, 0, 1, 1, 1, 0, 1, 1, 1, 0, 0, 1, 1, 0, 1, 1, 1, 1, 0, 1, 1, 1, 1, 1, 1, 0, 1, 0, 1, 1, 1, 1, 1, 1, 2, 1, 2, a, 2, 2, 2, 0, 1, 2, 1, 1, 0, 2, 0, 1, 2, 1, 0, 1, 0, 0, 2, 1, 0, 1, 2, 1, 0, 2, 2, 0, a, 1, 2, 1, 2, 1, 2, b, 0, 2, 1, 2, 2, 1, 1, 2, 0, 2, 2, 1, 2, 2, 0, 2, 2, 2, 1, 2, 0, 1, 1, 2, 2, 0, 2, 2, 0, 1, 2, 2, 1, 1, 0, 2, 2, 1, 1, 2, 1, 1, 0, 1, 1, 1, 1, 1, 1, 1, 1, 1, 0, 1, 1, 0, 1, 1, 0, 1, 1, 1, 1, 1, 1, 1, 1, 1, 1, 0, 0, 1, 1, 1, 1, 1, 1, 1, 0, 1, 0, 1, 1]
[1, 1, 0, 1, 1, 0, 1, 1, 1, 1, 1, 1, 0, 0, 1, 1, 1, 1, 1, 1, 0, 1, 1, 1, 1, 0, 1, 1, 0, 1, 1, 1, 0, 1, 1, 1, 0, 2, 2, 1, a, 0, 1, 2, 0, 0, 0, 2, 2, 2, 2, 2, 1, 1, 0, 1, 0, 2, 1, 2, 2, 1, 1, 0, 0, 1, 2, 2, 2, b, 2, 1, 2, 1, 2, 2, a, 1, 1, 2, 2, 0, 2, 0, 2, 2, 2, 0, 2, 0, 1, 2, 2, 2, 2, 0, 1, 0, 1, 1, 1, 1, 0, 1, 1, 1, 0, 1, 1, 1, 1, 0, 1, 1, 1, 1, 1, 1, 1, 0, 1, 1, 1, 1, 1, 0, 0, 1, 1, 1, 1, 1, 1, 1, 1, 1, 1, 0, 1, 1, 1, 1, 1, 1, 0, 1, 1, 1, 1, 1, 1, 1, 1, 1, 0, 1, 1, 1, 1, 1]
[1, 1, 1, 0, 1, 1, 1, 0, 1, 1, 1, 0, 1, 0, 1, 1, 1, 1, 0, 0, 0, 1, 1, 1, 1, 1, 1, 1, 0, 1, 1, 1, 1, 1, 0, 0, 1, 1, 0, 2, a, 2, 0, 1, 2, 1, 2, 1, 2, 2, 0, 1, 0, 1, 2, 2, 2, 1, 1, 2, 0, 0, 1, 1, 1, 1, 1, 2, 0, b, 2, 1, 1, 0, 2, 1, a, 0, 1, 2, 0, 2, 1, 0, 2, 1, 1, 2, 1, 0, 1, 0, 1, 2, 1, 2, 0, 2, 1, 1, 1, 0, 1, 1, 1, 1, 1, 1, 1, 0, 1, 1, 1, 1, 1, 1, 0, 1, 0, 1, 1, 1, 1, 1, 1, 1, 1, 1, 1, 1, 1, 1, 1, 1, 1, 1, 1, 1, 1, 0, 1, 1, 1, 0, 1, 1, 1, 1, 0, 0, 1, 1, 1, 1, 1, 1, 1, 1, 1, 1]
[1, 1, 1, 1, 0, 0, 1, 1, 1, 1, 1, 1, 1, 1, 1, 1, 1, 1, 1, 1, 0, 1, 1, 1, 1, 1, 0, 0, 0, 1, 1, 1, 1, 1, 1, 0, 2, 1, 0, 0, a, 2, 1, 1, 2, 1, 0, 2, 1, 2, 0, 1, 1, 0, 2, 2, 1, 0, 2, 2, 1, 1, 0, 1, 0, 1, 1, 1, 1, a, 1, 0, 2, 1, 1, 2, a, 1, 2, 0, 0, 2, 1, 2, 1, 1, 2, 2, 2, 1, 1, 1, 2, 2, 1, 1, 1, 2, 1, 1, 1, 1, 1, 1, 1, 1, 0, 0, 1, 1, 1, 1, 1, 0, 0, 1, 1, 1, 1, 1, 1, 1, 1, 1, 1, 1, 1, 1, 1, 1, 1, 1, 0, 0, 0, 1, 0, 0, 1, 0, 1, 0, 1, 1, 0, 1, 1, 1, 1, 1, 1, 1, 0, 1, 0, 1, 1, 1, 1, 1]
[1, 1, 1, 1, 0, 1, 0, 0, 1, 0, 1, 0, 1, 1, 1, 1, 1, 1, 0, 1, 1, 1, 1, 1, 1, 1, 1, 1, 1, 0, 0, 1, 1, 1, 0, 1, 1, 2, 2, 2, a, 0, 2, 2, 1, 1, 0, 1, 2, 1, 0, 2, 2, 1, 2, 2, 1, 2, 2, 0, 1, 1, 1, 1, 1, 1, 0, 0, 1, a, 2, 2, 1, 0, 2, 0, b, 2, 1, 0, 0, 2, 1, 2, 2, 1, 1, 2, 2, 2, 0, 1, 2, 2, 2, 2, 2, 1, 1, 1, 1, 0, 1, 1, 1, 1, 0, 1, 1, 1, 1, 0, 1, 1, 1, 1, 1, 0, 1, 1, 1, 1, 1, 1, 0, 1, 1, 0, 1, 0, 1, 1, 1, 1, 1, 1, 1, 0, 1, 1, 0, 1, 0, 1, 1, 0, 1, 1, 0, 1, 1, 1, 0, 1, 1, 1, 1, 1, 1, 0]
[0, 0, 1, 0, 1, 1, 1, 1, 1, 0, 1, 1, 1, 0, 1, 1, 1, 1, 1, 0, 1, 0, 1, 1, 1, 1, 1, 1, 1, 0, 1, 0, 1, 1, 1, 1, 2, 1, 1, 2, a, 1, 1, 1, 2, 1, 2, 1, 0, 1, 0, 2, 2, 0, 1, 0, 1, 1, 2, 2, 2, 2, 1, 0, 2, 0, 2, 2, 2, b, 2, 1, 1, 2, 2, 2, b, 0, 1, 0, 1, 2, 1, 1, 2, 0, 0, 0, 1, 1, 1, 1, 0, 1, 1, 1, 2, 1, 1, 0, 1, 1, 1, 1, 1, 0, 1, 1, 1, 1, 1, 0, 1, 0, 1, 1, 1, 1, 1, 1, 1, 1, 1, 1, 1, 0, 1, 1, 1, 1, 1, 1, 1, 1, 1, 1, 1, 1, 1, 1, 0, 1, 1, 1, 1, 1, 1, 1, 0, 1, 1, 1, 1, 1, 1, 1, 1, 1, 1, 1]
[0, 1, 0, 1, 1, 1, 1, 1, 1, 1, 0, 1, 1, 0, 1, 1, 0, 1, 1, 1, 1, 1, 1, 1, 1, 1, 1, 0, 0, 1, 1, 1, 0, 1, 1, 1, 2, 2, 1, 0, a, 2, 1, 2, 1, 1, 0, 2, 2, 2, 0, 2, 2, 0, 2, 1, 1, 1, 1, 1, 2, 2, 1, 2, 2, 2, 0, 2, 0, a, 1, 0, 2, 1, 2, 1, a, 1, 1, 1, 2, 1, 2, 1, 2, 2, 1, 2, 0, 1, 0, 1, 0, 1, 1, 0, 2, 1, 0, 1, 1, 1, 1, 0, 1, 1, 1, 0, 0, 1, 1, 1, 1, 1, 0, 1, 0, 1, 1, 1, 1, 1, 1, 1, 1, 1, 0, 1, 1, 1, 1, 1, 1, 1, 0, 1, 1, 1, 1, 1, 1, 1, 1, 1, 1, 0, 0, 1, 1, 1, 1, 1, 1, 0, 1, 1, 1, 1, 1, 1]
[1, 1, 1, 0, 1, 1, 1, 0, 1, 0, 1, 1, 1, 0, 1, 0, 0, 1, 1, 1, 1, 1, 1, 1, 1, 1, 0, 0, 1, 1, 1, 1, 0, 1, 1, 1, 0, 1, 1, 1, a, 2, 1, 1, 0, 2, 1, 2, 2, 1, 1, 1, 2, 2, 0, 2, 0, 1, 2, 2, 2, 0, 1, 1, 0, 1, 2, 1, 1, b, 0, 0, 2, 2, 2, 0, b, 0, 2, 0, 2, 2, 2, 2, 2, 1, 1, 1, 2, 1, 1, 0, 1, 2, 0, 2, 1, 1, 1, 1, 1, 1, 1, 1, 1, 0, 1, 1, 1, 1, 0, 1, 1, 0, 1, 1, 1, 1, 1, 1, 1, 1, 1, 1, 1, 1, 1, 1, 1, 1, 0, 0, 0, 1, 0, 1, 0, 1, 1, 1, 0, 1, 1, 1, 1, 1, 1, 1, 1, 1, 0, 1, 0, 0, 1, 1, 1, 1, 1, 1]
[0, 1, 1, 1, 1, 1, 1, 1, 1, 1, 0, 0, 1, 0, 0, 1, 1, 0, 0, 1, 0, 0, 1, 1, 1, 1, 0, 1, 1, 1, 0, 1, 1, 1, 0, 1, 1, 0, 2, 2, a, 0, 2, 1, 1, 0, 0, 2, 1, 1, 0, 2, 1, 1, 2, 0, 2, 1, 1, 1, 1, 0, 1, 1, 2, 2, 2, 2, 1, b, 0, 2, 2, 1, 1, 1, b, 0, 0, 2, 0, 0, 1, 1, 0, 2, 0, 1, 1, 1, 2, 2, 0, 0, 0, 2, 2, 2, 1, 0, 1, 0, 1, 1, 1, 0, 0, 1, 1, 1, 0, 1, 0, 1, 1, 0, 0, 1, 1, 0, 1, 1, 1, 1, 1, 1, 1, 1, 1, 1, 1, 1, 1, 0, 1, 1, 0, 1, 1, 0, 1, 1, 0, 1, 1, 1, 1, 1, 1, 0, 1, 1, 1, 1, 1, 1, 1, 1, 1, 1]
[1, 1, 1, 0, 1, 1, 0, 1, 1, 1, 0, 1, 1, 1, 1, 1, 1, 0, 1, 1, 0, 1, 1, 1, 1, 0, 1, 0, 1, 1, 1, 1, 1, 1, 1, 1, 1, 1, 0, 2, a, 0, 1, 1, 1, 0, 2, 1, 0, b, b, b, a, b, b, a, a, a, b, a, a, a, a, b, b, b, a, b, a, a, 2, 0, 0, 1, 2, 2, a, 0, 2, 1, 1, 1, 0, 2, 2, 1, 2, 2, 0, 0, 2, 2, 2, 1, 1, 2, 2, 2, 1, 0, 1, 1, 1, 1, 1, 1, 1, 1, 1, 0, 1, 1, 1, 1, 0, 1, 1, 0, 1, 1, 1, 0, 1, 1, 1, 1, 0, 0, 1, 1, 1, 1, 1, 0, 0, 0, 1, 0, 1, 1, 1, 1, 1, 1, 1, 1, 1, 1, 0, 1, 1, 1, 1, 1, 1, 1, 1, 1, 1, 1]
[1, 1, 1, 1, 1, 1, 1, 1, 1, 0, 1, 1, 1, 1, 0, 1, 0, 0, 1, 0, 1, 1, 0, 1, 1, 1, 1, 1, 1, 0, 1, 1, 1, 1, 1, 1, 1, 2, 0, 1, a, 2, 2, 2, 2, 1, 2, 2, 1, a, 0, 0, 2, 2, 2, 1, 1, 0, 2, 2, 1, 0, 0, 0, 1, 0, 0, 1, 1, 1, 2, 1, 2, 1, 0, 0, a, 1, 2, 0, 2, 1, 0, 2, 2, 1, 1, 1, 2, 1, 0, 0, 0, 0, 2, 2, 2, 1, 1, 1, 1, 1, 1, 1, 1, 1, 1, 0, 1, 1, 1, 0, 1, 1, 1, 0, 1, 1, 1, 1, 1, 1, 1, 0, 1, 1, 0, 1, 1, 1, 0, 1, 1, 1, 0, 1, 1, 1, 1, 1, 1, 1, 1, 1, 0, 1, 1, 1, 1, 1, 1, 1, 1, 0, 1, 1, 1, 1, 1, 1]
[1, 1, 1, 0, 1, 1, 1, 1, 1, 1, 1, 1, 1, 0, 1, 0, 1, 1, 1, 1, 1, 1, 1, 1, 1, 1, 0, 1, 0, 1, 0, 0, 1, 0, 1, 1, 2, 1, 2, 1, a, 2, 1, 2, 1, 2, 0, 2, 2, b, 2, 0, 1, 2, 2, 1, 0, 1, 2, 2, 2, 2, 2, 1, 2, 1, 2, 1, 1, 2, 2, 1, 2, 2, 0, 0, b, 2, 2, 2, 1, 1, 0, 2, 1, 1, 0, 1, 1, 1, 2, 2, 0, 1, 1, 1, 2, 1, 1, 1, 1, 1, 1, 1, 0, 0, 1, 1, 0, 1, 1, 1, 1, 1, 1, 0, 1, 1, 1, 1, 1, 0, 1, 1, 1, 0, 0, 1, 0, 1, 1, 0, 1, 1, 1, 1, 0, 1, 1, 1, 0, 0, 1, 1, 1, 1, 1, 1, 1, 1, 0, 1, 1, 0, 1, 0, 1, 1, 1, 1]
[1, 1, 0, 1, 1, 1, 1, 1, 1, 0, 1, 1, 1, 1, 1, 1, 1, 1, 1, 1, 1, 0, 1, 1, 1, 0, 1, 0, 1, 1, 1, 1, 1, 1, 1, 1, 1, 2, 2, 0, a, 1, 2, 2, 1, 2, 2, 2, 2, b, 1, 2, 1, 1, 1, 0, 1, 1, 1, 2, 2, 2, 2, 2, 1, 1, 1, 2, 1, 1, 2, 2, 2, 0, 2, 2, b, 1, 0, 1, 0, 0, 0, 2, 1, 1, 1, 0, 0, 2, 1, 1, 1, 0, 2, 0, 1, 1, 1, 1, 1, 1, 1, 1, 0, 0, 1, 1, 1, 1, 1, 1, 1, 1, 1, 1, 1, 1, 0, 1, 1, 1, 1, 1, 1, 0, 1, 1, 1, 1, 1, 0, 0, 1, 1, 1, 1, 0, 1, 1, 1, 0, 1, 1, 0, 1, 1, 1, 1, 0, 0, 0, 0, 1, 1, 1, 1, 0, 1, 0]
[1, 1, 0, 0, 0, 1, 1, 1, 1, 1, 1, 1, 1, 1, 1, 1, 0, 0, 1, 1, 1, 0, 1, 1, 1, 1, 1, 1, 0, 1, 1, 1, 1, 1, 1, 1, 2, 0, 1, 1, a, 2, 1, 2, 0, 1, 1, 0, 1, b, 1, 1, 2, 2, 1, 0, 1, 2, 1, 2, 2, 1, 1, 1, 0, 0, 1, 1, 1, 0, 0, 1, 2, 1, 0, 2, a, 1, 2, 1, 0, 1, 2, 1, 0, 1, 0, 0, 1, 1, 0, 1, 1, 0, 0, 1, 2, 1, 1, 1, 1, 0, 1, 0, 1, 1, 0, 1, 1, 0, 1, 1, 1, 1, 1, 0, 1, 1, 1, 1, 0, 0, 1, 1, 1, 1, 1, 1, 0, 1, 1, 0, 1, 1, 1, 1, 1, 1, 1, 1, 1, 1, 0, 1, 1, 1, 1, 0, 1, 1, 1, 1, 1, 1, 1, 1, 0, 1, 1, 1]
[0, 0, 0, 0, 1, 1, 0, 1, 0, 1, 1, 1, 1, 1, 1, 1, 1, 0, 1, 1, 1, 1, 1, 1, 0, 1, 1, 1, 1, 0, 0, 1, 1, 0, 1, 1, 2, 2, 2, 2, a, 1, 2, 2, 0, 1, 1, 1, 1, a, 0, 2, 0, 2, 0, 1, 1, 1, 0, 0, 0, 1, 1, 2, 2, 1, 1, 0, 1, 0, 1, 2, 2, 0, 2, 2, a, 2, 1, 1, 1, 1, 1, 2, 1, 0, 1, 0, 1, 0, 2, 1, 1, 1, 2, 2, 1, 2, 1, 1, 1, 1, 1, 1, 1, 1, 1, 1, 0, 0, 1, 0, 1, 1, 0, 1, 1, 1, 1, 1, 1, 1, 1, 1, 1, 1, 1, 1, 1, 1, 1, 1, 1, 1, 0, 1, 1, 1, 1, 0, 1, 1, 1, 1, 1, 0, 1, 1, 1, 1, 0, 1, 0, 0, 0, 1, 0, 1, 1, 1]
[1, 0, 1, 0, 0, 1, 0, 1, 1, 0, 1, 1, 1, 1, 1, 0, 1, 1, 0, 1, 1, 1, 1, 1, 1, 1, 1, 1, 1, 1, 1, 0, 1, 1, 1, 0, 0, 1, 1, 2, a, 2, 2, 0, 0, 2, 1, 2, 1, a, 2, 1, 1, 0, 2, 0, 2, 1, 1, 2, 0, 1, 2, 1, 0, 1, 1, 1, 2, 0, 2, 2, 1, 1, 2, 0, b, 2, 2, 2, 1, 0, 2, 0, 2, 1, 1, 0, 0, 1, 1, 2, 1, 1, 2, 2, 1, 2, 1, 1, 1, 1, 1, 0, 1, 1, 1, 1, 1, 1, 1, 1, 0, 1, 1, 1, 1, 1, 0, 1, 1, 1, 1, 1, 0, 1, 1, 1, 1, 0, 1, 1, 1, 1, 1, 1, 1, 0, 1, 0, 0, 1, 1, 1, 1, 1, 1, 1, 1, 1, 1, 1, 0, 0, 1, 1, 0, 1, 1, 1]
[0, 1, 0, 1, 1, 1, 1, 1, 0, 1, 1, 1, 1, 1, 1, 1, 0, 1, 1, 0, 1, 0, 1, 1, 1, 1, 1, 1, 1, 0, 0, 1, 1, 1, 1, 1, 2, 2, 2, 0, b, 1, 2, 2, 0, 1, 1, 1, 2, b, 1, 1, 1, 0, 1, 2, 1, 2, 2, 1, 0, 2, 2, 0, 2, 1, 2, 1, 1, 1, 1, 1, 1, 0, 0, 1, a, 1, 1, 1, 1, 1, 1, 1, 0, 1, 1, 1, 1, 1, 1, 1, 1, 1, 0, 1, 1, 0, 1, 1, 1, 1, 1, 1, 1, 0, 1, 1, 1, 1, 1, 1, 1, 1, 1, 1, 1, 1, 0, 1, 1, 1, 1, 1, 1, 1, 1, 1, 0, 0, 1, 1, 0, 1, 1, 1, 1, 0, 1, 0, 0, 1, 1, 1, 1, 1, 0, 1, 1, 1, 1, 1, 1, 1, 1, 1, 1, 0, 1, 1]
[0, 1, 0, 1, 1, 1, 0, 1, 0, 1, 1, 0, 0, 1, 0, 1, 1, 1, 1, 1, 0, 0, 1, 0, 1, 1, 1, 0, 1, 1, 0, 1, 1, 1, 1, 1, 0, 1, 1, 1, a, 0, 1, 1, 1, 0, 1, 0, 1, a, 1, 1, 1, 1, 1, 1, 1, 0, 1, 1, 1, 1, 1, 0, 1, 1, 1, 1, 0, 0, 1, 0, 1, 1, 1, 1, a, 1, 1, 1, 1, 1, 1, 0, 1, 1, 0, 1, 0, 1, 1, 1, 1, 1, 1, 1, 1, 1, 1, 1, 1, 1, 1, 1, 1, 0, 1, 0, 1, 1, 1, 0, 1, 1, 1, 1, 1, 1, 1, 1, 1, 1, 1, 1, 1, 1, 1, 1, 0, 1, 0, 1, 1, 1, 0, 1, 0, 1, 0, 0, 1, 1, 0, 1, 0, 1, 1, 1, 1, 1, 1, 1, 1, 1, 1, 1, 1, 1, 1, 1]
[1, 1, 1, 1, 1, 1, 1, 0, 0, 1, 1, 1, 1, 1, 1, 1, 0, 0, 1, 1, 1, 1, 1, 1, 0, 0, 1, 1, 0, 1, 1, 1, 1, 1, 1, 1, 1, 1, 0, 1, a, 0, 1, 1, 1, 1, 0, 1, 1, a, 1, 1, 1, 0, 0, 1, 1, 0, 1, 1, 1, 1, 1, 1, 0, 1, 1, 0, 0, 1, 1, 1, 1, 1, 1, 1, a, 1, 1, 0, 1, 1, 1, 1, 1, 0, 0, 0, 1, 1, 1, 1, 0, 1, 1, 1, 1, 1, 1, 0, 1, 0, 1, 1, 1, 1, 1, 1, 1, 1, 1, 1, 1, 1, 1, 1, 1, 1, 1, 1, 1, 1, 0, 1, 0, 0, 1, 1, 0, 1, 0, 1, 1, 1, 1, 1, 1, 1, 1, 1, 1, 1, 1, 1, 1, 1, 1, 1, 1, 1, 1, 1, 1, 1, 1, 1, 0, 1, 1, 1]
[1, 1, 1, 1, 1, 1, 0, 1, 1, 1, 1, 1, 1, 1, 1, 1, 1, 1, 0, 1, 1, 1, 1, 1, 1, 1, 1, 0, 1, 1, 1, 1, 1, 1, 1, 1, 1, 1, 1, 1, a, 1, 1, 1, 0, 1, 0, 1, 1, a, 1, 1, 0, 1, 1, 1, 0, 1, 0, 1, 1, 1, 1, 1, 1, 1, 1, 1, 0, 1, 1, 1, 1, 1, 0, 1, a, 1, 1, 1, 1, 1, 1, 1, 1, 0, 0, 0, 1, 1, 0, 1, 1, 1, 1, 1, 0, 1, 1, 1, 0, 0, 1, 1, 0, 1, 1, 1, 1, 1, 1, 1, 1, 1, 0, 1, 0, 1, 0, 1, 1, 1, 1, 1, 1, 1, 1, 1, 1, 1, 1, 1, 1, 0, 1, 0, 1, 1, 1, 1, 1, 0, 1, 1, 1, 0, 1, 1, 1, 1, 0, 1, 1, 1, 1, 1, 1, 1, 1, 1]
[1, 1, 1, 1, 1, 1, 1, 1, 1, 1, 1, 1, 0, 1, 0, 1, 1, 1, 1, 1, 1, 0, 1, 1, 1, 0, 1, 1, 0, 1, 1, 1, 1, 1, 1, 1, 0, 1, 1, 1, a, 0, 1, 0, 0, 1, 0, 1, 1, a, 0, 1, 1, 1, 1, 1, 1, 1, 1, 1, 1, 1, 1, 1, 1, 1, 0, 0, 0, 1, 1, 1, 1, 1, 1, 1, a, 1, 0, 1, 0, 1, 1, 1, 0, 1, 1, 1, 1, 1, 1, 1, 1, 1, 1, 1, 1, 1, 1, 1, 1, 1, 0, 1, 0, 1, 1, 0, 1, 1, 1, 0, 1, 1, 1, 1, 1, 1, 1, 1, 1, 1, 0, 1, 1, 1, 1, 1, 1, 1, 1, 1, 1, 0, 1, 1, 1, 1, 1, 0, 1, 1, 1, 0, 0, 1, 0, 1, 1, 1, 1, 1, 1, 1, 1, 1, 0, 1, 1, 1]
[1, 0, 1, 1, 1, 0, 1, 0, 1, 1, 0, 0, 0, 0, 1, 0, 1, 1, 1, 1, 1, 1, 1, 1, 1, 0, 1, 1, 1, 1, 1, 1, 1, 1, 0, 1, 1, 1, 1, 0, a, 1, 1, 1, 1, 1, 1, 1, 0, a, 1, 1, 1, 1, 1, 1, 1, 1, 1, 1, 1, 1, 1, 1, 1, 1, 1, 1, 1, 1, 1, 1, 0, 1, 1, 1, a, 1, 1, 1, 1, 0, 0, 0, 1, 1, 0, 1, 1, 0, 1, 1, 1, 1, 1, 0, 1, 1, 1, 1, 1, 1, 1, 0, 1, 0, 1, 1, 1, 1, 1, 1, 1, 1, 1, 1, 1, 1, 1, 1, 1, 0, 1, 1, 1, 1, 0, 0, 0, 1, 1, 1, 1, 1, 1, 1, 0, 1, 1, 1, 1, 1, 1, 0, 1, 1, 1, 1, 1, 1, 1, 0, 1, 1, 0, 1, 1, 1, 1, 1]
[1, 0, 1, 0, 1, 1, 1, 1, 1, 0, 1, 1, 1, 1, 1, 1, 1, 1, 1, 1, 1, 1, 1, 1, 1, 1, 1, 1, 1, 1, 1, 0, 1, 1, 1, 1, 1, 1, 1, 0, a, 1, 1, 0, 1, 0, 1, 1, 0, a, 1, 0, 1, 1, 1, 0, 0, 0, 1, 0, 1, 1, 1, 0, 1, 1, 1, 1, 0, 1, 0, 1, 1, 1, 1, 1, a, 0, 1, 1, 1, 1, 1, 0, 1, 1, 1, 1, 1, 1, 0, 1, 1, 1, 1, 1, 1, 1, 0, 0, 1, 1, 1, 1, 0, 1, 1, 0, 0, 1, 0, 1, 0, 1, 1, 1, 0, 1, 1, 1, 0, 0, 1, 1, 1, 0, 1, 1, 1, 0, 1, 1, 1, 1, 1, 1, 1, 0, 1, 1, 1, 1, 1, 1, 1, 1, 1, 1, 1, 1, 0, 1, 1, 0, 1, 1, 1, 1, 1, 1]
[0, 0, 0, 1, 1, 1, 0, 1, 1, 1, 1, 1, 0, 1, 0, 1, 1, 0, 0, 1, 1, 1, 1, 1, 1, 0, 1, 1, 1, 1, 1, 1, 1, 1, 1, 1, 0, 1, 1, 1, a, 1, 1, 1, 0, 1, 1, 0, 0, a, 1, 1, 0, 1, 0, 0, 1, 1, 1, 0, 0, 1, 1, 1, 1, 1, 1, 1, 1, 1, 1, 1, 1, 1, 1, 1, a, 1, 0, 0, 0, 1, 1, 1, 1, 0, 1, 1, 0, 0, 1, 1, 1, 1, 1, 1, 0, 1, 1, 1, 1, 1, 1, 1, 1, 1, 1, 1, 1, 1, 0, 1, 1, 1, 1, 0, 1, 1, 1, 1, 1, 1, 1, 1, 1, 1, 1, 1, 1, 1, 1, 1, 1, 1, 1, 1, 0, 1, 1, 1, 1, 0, 1, 1, 1, 1, 1, 1, 1, 1, 1, 1, 1, 1, 1, 1, 0, 1, 0, 1]
[2, 0, 0, 2, 0, 1, 1, 2, 1, 0, 2, 2, 1, 0, 1, 1, 1, 2, 2, 1, 1, 1, 2, 1, 2, 2, 2, 1, 1, 1, 1, 1, 0, 1, 1, 0, 0, 1, 1, 1, a, 1, 1, 1, 1, 1, 1, 1, 1, a, 0, 1, 1, 1, 0, 1, 1, 1, 0, 1, 0, 0, 1, 0, 1, 0, 1, 1, 1, 1, 0, 1, 1, 1, 1, 0, a, 1, 1, 0, 1, 1, 0, 1, 1, 1, 0, 1, 1, 1, 0, 1, 1, 1, 0, 1, 0, 1, 0, 0, 1, 1, 1, 1, 0, 1, 1, 1, 0, 1, 1, 1, 1, 1, 1, 1, 1, 1, 0, 1, 1, 0, 1, 1, 1, 1, 1, 1, 1, 0, 1, 1, 1, 1, 0, 0, 1, 1, 1, 1, 1, 0, 0, 1, 0, 1, 1, 1, 1, 1, 1, 1, 1, 1, 1, 1, 1, 1, 1, 1]
[1, 2, 2, 0, 0, 1, 1, 0, 2, 2, 1, 1, 0, 1, 2, 2, 2, 1, 2, 2, 1, 2, 1, 2, 1, 1, 1, 1, 1, 1, 0, 1, 1, 1, 1, 1, 1, 1, 1, 1, a, 1, 0, 0, 0, 1, 1, 1, 1, a, 1, 0, 1, 1, 1, 1, 1, 0, 0, 1, 1, 1, 1, 1, 0, 1, 1, 1, 1, 1, 1, 1, 0, 1, 1, 1, a, 1, 1, 1, 1, 0, 1, 1, 1, 1, 1, 0, 1, 1, 1, 0, 1, 1, 1, 1, 1, 0, 1, 1, 1, 1, 1, 1, 1, 1, 1, 0, 1, 1, 1, 0, 1, 0, 1, 1, 0, 1, 0, 1, 1, 1, 0, 1, 1, 1, 1, 1, 1, 1, 1, 1, 1, 1, 1, 1, 0, 0, 1, 1, 1, 1, 1, 1, 0, 1, 1, 1, 1, 1, 1, 1, 1, 0, 1, 1, 1, 0, 1, 1]
[1, 2, 0, 1, 0, 2, 1, 1, 2, 2, 2, 1, 2, 1, 1, 1, 1, 0, 2, 2, 0, 0, 2, 0, 2, 1, 0, 0, 0, 1, 1, 1, 1, 1, 1, 1, 0, 1, 1, 0, a, 0, 0, 1, 1, 1, 1, 0, 1, a, 0, 1, 1, 1, 0, 0, 1, 1, 1, 1, 0, 0, 1, 1, 0, 1, 1, 1, 1, 1, 0, 1, 0, 1, 1, 1, a, 0, 1, 1, 1, 0, 0, 1, 1, 1, 1, 0, 1, 1, 1, 0, 1, 0, 1, 1, 0, 1, 0, 1, 1, 1, 1, 1, 0, 0, 1, 1, 1, 1, 0, 1, 0, 1, 1, 1, 1, 1, 1, 0, 0, 0, 1, 1, 1, 1, 0, 0, 1, 1, 1, 1, 1, 1, 1, 1, 1, 0, 0, 0, 1, 1, 0, 1, 0, 0, 1, 1, 1, 0, 0, 1, 0, 1, 1, 1, 1, 1, 1, 1]
[0, 2, 1, 1, 2, 2, 2, 2, 2, 2, 1, 1, 2, 1, 2, 1, 1, 2, 1, 2, 2, 1, 2, 0, 0, 2, 2, 1, 2, 2, 2, 1, 1, 0, 1, 2, 2, 0, 1, 2, b, 2, 1, 1, 1, 1, 1, 1, 1, a, 0, 1, 0, 1, 1, 0, 0, 1, 1, 0, 1, 0, 1, 1, 1, 1, 1, 1, 1, 1, 1, 1, 1, 1, 1, 0, a, 1, 1, 1, 1, 1, 0, 1, 1, 0, 1, 1, 1, 1, 1, 1, 1, 0, 1, 1, 1, 1, 1, 1, 1, 1, 1, 1, 1, 0, 1, 1, 1, 1, 0, 1, 1, 0, 1, 1, 1, 1, 1, 1, 1, 1, 1, 1, 1, 0, 1, 1, 0, 0, 0, 1, 1, 1, 1, 1, 0, 1, 0, 1, 1, 1, 1, 1, 1, 1, 1, 0, 0, 0, 1, 1, 0, 1, 0, 1, 1, 0, 1, 1]
[1, 2, 0, 0, 1, 1, 0, 2, 1, 2, 2, 2, 0, 1, 2, 2, 2, 2, 1, 0, 2, 2, 2, 1, 2, 2, 1, 2, 0, 1, 2, 0, 1, 1, 2, 2, 2, 2, 2, 2, b, 1, 2, 1, 1, 1, 1, 0, 1, a, 1, 1, 1, 1, 1, 0, 1, 0, 1, 1, 1, 1, 1, 1, 1, 1, 1, 1, 1, 1, 1, 1, 1, 1, 1, 1, a, 1, 1, 1, 1, 1, 1, 1, 0, 1, 1, 1, 1, 1, 1, 1, 1, 1, 0, 1, 0, 1, 1, 0, 0, 1, 1, 1, 1, 1, 1, 1, 1, 0, 1, 1, 0, 1, 1, 0, 1, 0, 1, 1, 0, 1, 1, 1, 1, 1, 1, 1, 1, 1, 1, 1, 1, 1, 1, 1, 1, 1, 1, 1, 0, 1, 1, 1, 0, 0, 1, 1, 1, 1, 1, 1, 1, 0, 1, 1, 1, 1, 0, 1]
[2, 2, 2, 0, 1, 1, 1, 1, 2, 1, 2, 2, 1, 0, 2, 2, 0, 0, 2, 2, 1, 2, 2, 2, 2, 1, 2, 1, 2, 2, 2, 1, 1, 2, 2, 0, 2, 2, 2, 1, a, 0, 1, 1, 1, 1, 1, 1, 1, a, 1, 1, 1, 1, 1, 1, 1, 1, 1, 1, 1, 1, 0, 1, 1, 1, 0, 1, 1, 1, 1, 1, 1, 1, 1, 1, a, 1, 1, 1, 1, 1, 0, 1, 1, 1, 1, 1, 0, 1, 1, 0, 1, 1, 1, 1, 0, 1, 0, 1, 0, 1, 1, 1, 0, 1, 1, 1, 1, 1, 1, 1, 1, 1, 1, 1, 1, 1, 1, 1, 1, 1, 1, 1, 0, 1, 1, 1, 1, 1, 1, 0, 1, 1, 1, 0, 1, 1, 0, 0, 1, 1, 1, 0, 1, 1, 1, 0, 1, 1, 1, 1, 1, 1, 1, 1, 1, 1, 1, 1]
[2, 1, 2, 1, 1, 2, 1, 0, 1, 0, 0, 2, 1, 1, 2, 0, 0, 0, 2, 0, 2, 2, 2, 2, 2, 2, 2, 1, 1, 2, 1, 1, 2, 0, 1, 1, 0, 1, 1, 1, a, 2, 1, 1, 1, 1, 1, 1, 0, a, 1, 1, 1, 0, 1, 1, a, a, a, a, a, a, a, a, a, a, a, a, a, a, a, a, a, a, a, a, a, a, a, a, a, a, a, a, a, a, a, a, a, a, a, a, a, a, a, a, a, a, a, a, a, a, a, a, a, a, a, a, a, a, a, a, a, a, a, a, a, a, a, a, a, a, a, a, a, a, a, a, a, a, a, a, a, a, a, a, a, 1, 1, 1, 1, 1, 1, 1, 1, 1, 1, 0, 1, 1, 1, 0, 1, 0, 1, 1, 1, 1, 1, 1]
[1, 1, 1, 2, 2, 1, 0, 0, 2, 0, 1, 1, 2, 2, 0, 2, 1, 0, 2, 2, 0, 1, 2, 2, 1, 2, 2, 0, 2, 2, 2, 0, 0, 2, 1, 2, 2, 0, 2, 1, b, 0, 2, 2, 1, 1, 1, 1, 1, a, 1, 0, 1, 1, 1, 0, 1, 1, 1, 1, 1, 1, 1, 0, 1, 0, 1, 1, 1, 1, 1, 1, 1, 1, 0, 1, 1, 0, 1, 1, 0, 0, 1, 1, 0, 1, 1, 1, 1, 1, 1, 1, 1, 1, 1, 0, 1, 1, 1, 1, 1, 1, 0, 1, 1, 1, 1, 0, 0, 1, 1, 1, 1, 0, 0, 1, 1, 1, 1, 1, 1, 1, 1, 0, 1, 1, 1, 1, 1, 0, 0, 1, 0, 1, 0, 1, a, 1, 0, 1, 0, 0, 1, 1, 1, 0, 0, 1, 1, 1, 1, 1, 1, 0, 1, 1, 0, 0, 1, 0]
[1, 0, 1, 0, 1, 1, 0, 1, 1, 0, 2, 2, 1, 2, 0, 1, 2, 1, 2, 0, 2, 1, 0, 1, 2, 2, 1, 2, 1, 2, 1, 2, 0, 2, 1, 2, 0, 2, 0, 0, a, 2, 0, 1, 1, 0, 1, 1, 1, a, 1, 0, 1, 1, 1, 1, 1, 1, 0, 1, 0, 1, 1, 1, 1, 1, 0, 1, 1, 1, 1, 0, 1, 1, 1, 1, 1, 1, 0, 1, 1, 1, 1, 1, 1, 1, 0, 0, 1, 1, 1, 0, 0, 1, 1, 1, 1, 0, 1, 1, 0, 1, 1, 1, 1, 1, 1, 1, 0, 1, 1, 1, 1, 1, 1, 1, 0, 1, 1, 1, 1, 1, 1, 1, 1, 1, 1, 1, 1, 0, 1, 0, 1, 1, 1, 1, a, 1, 1, 0, 0, 1, 1, 0, 0, 1, 1, 1, 1, 1, 1, 1, 1, 1, 1, 1, 1, 0, 1, 1]
[1, 1, 2, 0, 1, 1, 2, 2, 0, 2, 2, 2, 2, 2, 2, 1, 1, 2, 0, 2, 0, 0, 1, 2, 1, 2, 2, 2, 2, 0, 2, 0, 0, 1, 2, 2, 1, 2, 2, 1, b, 2, 1, 2, 1, 1, 1, 1, 1, a, 1, 0, 1, 1, 1, 1, 0, 0, 0, 0, 0, 1, 0, 1, 1, 1, 1, 1, 1, 0, 1, 1, 1, 0, 1, 1, 1, 1, 0, 1, 0, 1, 1, 1, 1, 1, 1, 1, 1, 0, 1, 1, 1, 1, 1, 1, 0, 1, 1, 1, 1, 1, 1, 1, 1, 1, 1, 1, 1, 1, 1, 1, 1, 1, 1, 1, 1, 1, 1, 0, 1, 1, 1, 1, 1, 1, 1, 0, 1, 0, 1, 0, 1, 1, 1, 0, a, 1, 1, 1, 1, 0, 1, 0, 1, 1, 1, 0, 1, 1, 1, 1, 1, 1, 1, 1, 1, 1, 1, 1]
[1, 0, 2, 2, 2, 0, 0, 2, 2, 1, 1, 0, 2, 2, 2, 2, 2, 2, 0, 2, 0, 1, 2, 0, 2, 0, 2, 2, 2, 2, 0, 0, 2, 0, 1, 2, 2, 2, 1, 2, a, 2, 0, 0, 1, 1, 1, 1, 0, a, 1, 1, 0, 1, 0, 1, 1, 1, 1, 1, 0, 0, 1, 0, 0, 1, 1, 0, 1, 1, 0, 1, 1, 1, 0, 1, 1, 1, 1, 0, 1, 1, 1, 1, 1, 1, 0, 1, 1, 1, 1, 1, 1, 1, 1, 0, 1, 1, 1, 1, 1, 1, 1, 1, 1, 1, 0, 0, 1, 1, 1, 1, 1, 0, 1, 0, 1, 1, 1, 0, 1, 0, 0, 1, 0, 0, 1, 1, 0, 1, 1, 0, 1, 1, 1, 1, a, 1, 1, 1, 1, 1, 1, 1, 1, 1, 0, 1, 0, 1, 1, 1, 1, 1, 0, 1, 0, 1, 0, 1]
[1, 1, 2, 2, 0, 1, 2, 1, 0, 0, 2, 0, 0, 2, 2, 2, 0, 1, 2, 0, 0, 0, 2, 2, 1, 0, 2, 2, 2, 2, 1, 0, 1, 1, 2, 2, 0, 2, 1, 1, b, 0, 2, 1, 0, 1, 0, 1, 1, a, 1, 1, 0, 1, 1, 1, 1, 1, 1, 1, 1, 1, 1, 0, 0, 1, 1, 1, 0, 1, 1, 1, 0, 1, 1, 1, 1, 1, 1, 0, 1, 0, 1, 0, 0, 1, 1, 1, 0, 1, 1, 1, 1, 1, 1, 1, 0, 1, 1, 0, 1, 0, 1, 1, 0, 0, 1, 1, 1, 1, 1, 1, 1, 1, 0, 0, 1, 1, 1, 1, 1, 0, 1, 0, 1, 0, 1, 0, 1, 1, 1, 1, 1, 1, 1, 1, a, 1, 1, 1, 1, 1, 1, 1, 1, 0, 1, 1, 0, 1, 1, 1, 1, 1, 1, 1, 0, 1, 1, 1]
[0, 1, 1, 2, 1, 0, 0, 0, 2, 0, 0, 1, 1, 1, 0, 2, 2, 2, 2, 2, 0, 0, 1, 1, 0, 2, 0, 1, 2, 2, 1, 1, 2, 0, 2, 0, 1, 1, 1, 1, a, 1, 2, 0, 1, 1, 0, 1, 1, a, 1, 1, 0, 1, 1, 1, 1, 0, 0, 0, 0, 1, 0, 1, 0, 1, 1, 0, 1, 1, 0, 1, 0, 1, 0, 1, 1, 1, 1, 1, 1, 0, 0, 1, 1, 1, 1, 1, 1, 1, 1, 0, 0, 1, 1, 1, 1, 0, 1, 1, 1, 1, 1, 1, 1, 1, 1, 1, 0, 1, 1, 1, 1, 0, 0, 1, 1, 1, 1, 1, 1, 1, 1, 1, 0, 0, 1, 1, 1, 1, 1, 1, 1, 1, 1, 1, a, 0, 0, 1, 0, 0, 1, 1, 1, 1, 1, 1, 1, 1, 1, 1, 1, 1, 0, 1, 1, 1, 1, 1]
[2, 0, 2, 1, 0, 2, 1, 2, 2, 1, 1, 2, 1, 2, 2, 1, 2, 2, 0, 2, 2, 2, 2, 2, 2, 2, 0, 0, 1, 0, 1, 2, 1, 2, 0, 0, 1, 2, 1, 2, b, 2, 2, 1, 1, 1, 1, 1, 0, a, 1, 1, 0, 1, 1, 0, 1, 1, 0, 0, 1, 0, 1, 1, 1, 1, 1, 1, 1, 1, 1, 1, 0, 1, 1, 0, 0, 0, 1, 0, 1, 1, 0, 1, 1, 0, 1, 1, 1, 0, 1, 1, 1, 1, 1, 1, 0, 0, 1, 0, 1, 1, 1, 0, 1, 1, 0, 1, 1, 1, 0, 1, 1, 1, 1, 1, 1, 1, 1, 1, 0, 1, 0, 1, 1, 1, 1, 1, 0, 1, 0, 1, 1, 1, 1, 1, a, 1, 0, 1, 1, 1, 1, 1, 1, 1, 1, 0, 1, 1, 1, 1, 1, 0, 1, 1, 0, 1, 0, 1]
[2, 0, 2, 1, 2, 1, 1, 0, 0, 1, 0, 0, 2, 0, 2, 1, 2, 2, 2, 0, 0, 2, 2, 2, 0, 2, 1, 1, 2, 2, 2, 1, 1, 1, 0, 2, 1, 1, 1, 2, a, 1, 2, 1, 1, 1, 1, 0, 1, a, 1, 0, 0, 1, 1, 1, 0, 1, 1, 1, 1, 1, 1, 1, 1, 1, 1, 0, 0, 1, 1, 0, 1, 1, 1, 1, 1, 1, 0, 1, 0, 1, 1, 1, 1, 1, 0, 1, 1, 0, 1, 1, 1, 1, 1, 1, 1, 1, 0, 1, 1, 1, 0, 1, 0, 1, 0, 1, 1, 1, 1, 1, 1, 1, 1, 0, 1, 1, 1, 1, 1, 1, 0, 1, 1, 1, 1, 1, 1, 1, 1, 0, 1, 1, 1, 1, a, 1, 1, 1, 1, 1, 0, 0, 1, 0, 1, 1, 0, 1, 1, 1, 1, 1, 1, 1, 0, 1, 1, 1]
[2, 2, 2, 0, 1, 1, 0, 1, 0, 1, 1, 2, 0, 2, 1, 2, 1, 2, 1, 2, 2, 2, 0, 1, 1, 2, 2, 0, 0, 1, 2, 1, 1, 2, 0, 1, 1, 0, 2, 1, a, 1, 2, 2, 0, 1, 0, 1, 1, a, 1, 0, 0, 0, 1, 1, 0, 0, 1, 1, 1, 1, 1, 1, 1, 1, 1, 1, 1, 1, 1, 1, 1, 1, 1, 1, 1, 1, 1, 1, 0, 0, 1, 1, 1, 1, 0, 1, 1, 1, 1, 1, 1, 1, 1, 1, 1, 1, 0, 1, 1, 1, 0, 1, 1, 1, 1, 1, 1, 1, 1, 0, 1, 1, 1, 1, 1, 1, 1, 1, 0, 1, 1, 1, 1, 1, 1, 1, 1, 1, 1, 1, 1, 1, 0, 1, a, 1, 1, 1, 1, 1, 1, 1, 1, 1, 1, 1, 1, 0, 1, 1, 1, 1, 1, 1, 1, 0, 1, 1]
[1, 2, 2, 1, 2, 2, 1, 1, 1, 2, 0, 1, 2, 0, 2, 1, 2, 0, 2, 0, 1, 2, 0, 2, 2, 0, 2, 2, 1, 2, 2, 0, 1, 2, 1, 0, 2, 1, 1, 1, a, 0, 0, 0, 1, 1, 0, 1, 1, a, 0, 1, 1, 1, 1, 1, 0, 1, 0, 1, 1, 1, 0, 1, 1, 1, 1, 1, 1, 1, 1, 1, 0, 1, 1, 1, 0, 1, 1, 1, 1, 0, 1, 1, 1, 1, 1, 1, 1, 1, 1, 1, 0, 1, 1, 1, 1, 1, 1, 1, 1, 1, 1, 1, 0, 1, 1, 1, 1, 0, 0, 0, 1, 1, 1, 1, 0, 1, 1, 1, 1, 1, 1, 1, 1, 0, 1, 1, 0, 1, 1, 0, 1, 1, 1, 1, a, 0, 1, 1, 1, 1, 0, 1, 1, 1, 1, 1, 1, 1, 1, 1, 1, 1, 0, 0, 1, 1, 1, 0]
[2, 2, 0, 2, 2, 1, 2, 0, 0, 1, 1, 0, 2, 0, 0, 0, 2, 2, 0, 0, 2, 2, 1, 2, 2, 2, 2, 2, 2, 1, 1, 2, 0, 0, 1, 1, 1, 2, 0, 1, b, 1, 1, 1, 0, 1, 1, 0, 1, a, 1, 1, 1, 1, 1, 0, 1, 1, 1, 1, 1, 1, 1, 1, 1, 1, 0, 1, 1, 1, 1, 1, 1, 1, 1, 1, 1, 1, 1, 1, 1, 1, 1, 1, 1, 1, 1, 1, 1, 1, 1, 1, 1, 1, 1, 1, 0, 1, 1, 1, 1, 1, 1, 1, 1, 1, 0, 0, 1, 1, 1, 0, 1, 0, 1, 1, 1, 1, 1, 0, 1, 1, 1, 1, 1, 1, 1, 1, 1, 1, 1, 0, 0, 1, 1, 1, a, 0, 1, 1, 1, 1, 1, 1, 1, 1, 1, 1, 1, 1, 1, 1, 1, 1, 1, 1, 1, 1, 1, 1]
[0, 0, 1, 0, 0, 1, 2, 0, 0, 1, 2, 2, 2, 2, 2, 2, 2, 1, 2, 1, 2, 2, 2, 2, 2, 2, 2, 1, 1, 1, 2, 1, 2, 0, 2, 2, 1, 1, 0, 0, a, 1, 0, 0, 1, 0, 1, 0, 1, a, 1, 1, 0, 1, 1, 1, 1, 0, 1, 0, 1, 1, 0, 1, 1, 1, 0, 0, 1, 1, 0, 0, 1, 1, 1, 1, 1, 0, 0, 1, 1, 1, 1, 1, 0, 1, 1, 1, 1, 1, 0, 1, 1, 0, 1, 0, 0, 1, 0, 1, 1, 1, 1, 0, 1, 0, 1, 1, 0, 1, 1, 0, 1, 0, 0, 1, 1, 1, 1, 1, 1, 1, 1, 1, 0, 1, 1, 1, 1, 1, 0, 1, 0, 1, 1, 1, a, 1, 1, 1, 1, 1, 1, 1, 1, 1, 1, 1, 1, 0, 0, 1, 1, 1, 1, 1, 1, 1, 1, 1]
[2, 1, 0, 1, 1, 0, 2, 2, 2, 0, 1, 0, 1, 2, 0, 2, 0, 0, 1, 0, 0, 0, 0, 0, 0, 2, 0, 1, 2, 0, 2, 2, 2, 1, 1, 2, 2, 2, 2, 0, a, 1, 0, 1, 0, 1, 1, 1, 1, a, 1, 0, 1, 1, 1, 1, 1, 1, 1, 1, 0, 1, 1, 1, 1, 1, 1, 1, 1, 1, 1, 1, 1, 1, 1, 0, 1, 1, 1, 1, 1, 1, 1, 1, 1, 1, 1, 1, 1, 1, 1, 1, 1, 0, 0, 1, 0, 1, 0, 1, 1, 1, 1, 1, 0, 1, 1, 1, 1, 1, 1, 1, 1, 0, 1, 0, 1, 1, 0, 1, 1, 0, 1, 0, 0, 0, 1, 0, 1, 1, 0, 1, 0, 1, 1, 1, a, 0, 0, 1, 1, 1, 1, 1, 1, 0, 1, 1, 1, 1, 1, 1, 1, 1, 1, 1, 1, 1, 1, 1]
[2, 1, 0, 0, 2, 2, 2, 1, 1, 2, 0, 2, 2, 2, 1, 1, 1, 2, 0, 0, 2, 2, 1, 2, 1, 2, 2, 1, 1, 0, 1, 2, 0, 1, 2, 2, 1, 1, 0, 1, a, 2, 2, 1, 1, 1, 0, 1, 1, a, 1, 1, 1, 0, 1, 1, 1, 0, 1, 1, 1, 0, 1, 1, 0, 0, 1, 1, 1, 1, 1, 1, 0, 0, 0, 1, 0, 1, 1, 1, 1, 0, 0, 0, 1, 1, 1, 1, 1, 0, 1, 1, 1, 1, 1, 0, 0, 1, 1, 1, 1, 1, 1, 1, 1, 0, 0, 0, 1, 1, 0, 0, 1, 1, 1, 1, 1, 1, 1, 0, 0, 1, 1, 1, 1, 1, 1, 0, 1, 1, 1, 1, 1, 1, 1, 1, a, 0, 0, 1, 0, 1, 1, 1, 0, 1, 1, 1, 1, 0, 1, 1, 1, 1, 0, 1, 1, 1, 1, 1]
[1, 1, 1, 0, 1, 2, 1, 1, 0, 2, 1, 1, 2, 0, 0, 1, 2, 0, 2, 0, 2, 2, 0, 2, 2, 1, 2, 0, 0, 0, 1, 2, 2, 0, 2, 2, 1, 1, 2, 2, b, 2, 2, 2, 1, 0, 1, 1, 1, a, 1, 1, 1, 1, 0, 1, 1, 1, 0, 1, 0, 1, 1, 1, 0, 1, 0, 1, 1, 1, 0, 1, 1, 1, 1, 1, 1, 0, 1, 1, 1, 1, 0, 1, 1, 1, 0, 1, 1, 1, 0, 1, 1, 0, 1, 1, 1, 1, 1, 1, 1, 1, 0, 1, 1, 1, 1, 1, 0, 1, 0, 0, 1, 1, 0, 1, 0, 1, 1, 1, 0, 0, 1, 1, 1, 1, 1, 1, 1, 1, 1, 1, 0, 1, 0, 1, a, 1, 0, 1, 1, 1, 0, 0, 1, 1, 1, 1, 1, 1, 1, 0, 1, 1, 1, 0, 1, 1, 1, 1]
[0, 2, 2, 0, 2, 0, 1, 0, 1, 2, 0, 1, 2, 0, 0, 2, 0, 2, 2, 2, 2, 2, 0, 1, 1, 0, 2, 2, 2, 0, 1, 1, 1, 1, 0, 0, 1, 2, 1, 2, a, 0, 2, 2, 1, 1, 1, 0, 0, a, 1, 1, 1, 1, 0, 1, 1, 1, 1, 1, 0, 1, 1, 1, 1, 1, 0, 0, 1, 1, 0, 1, 1, 1, 1, 1, 0, 1, 1, 1, 1, 1, 1, 1, 1, 1, 1, 1, 0, 1, 1, 0, 0, 1, 1, 1, 1, 0, 1, 0, 1, 1, 1, 1, 1, 0, 1, 1, 1, 1, 1, 1, 1, 1, 1, 1, 0, 0, 1, 1, 1, 1, 1, 1, 1, 1, 1, 0, 1, 1, 1, 1, 1, 1, 1, 1, a, 1, 1, 0, 0, 1, 1, 1, 1, 1, 1, 1, 0, 1, 0, 1, 1, 0, 1, 1, 1, 1, 1, 1]
[0, 1, 1, 1, 0, 2, 1, 2, 0, 2, 1, 2, 0, 1, 1, 1, 2, 2, 1, 2, 0, 2, 0, 2, 2, 2, 2, 0, 1, 2, 2, 1, 2, 1, 2, 1, 1, 2, 1, 1, a, 2, 1, 2, 1, 1, 1, 1, 1, a, 1, 1, 1, 1, 1, 0, 1, 1, 1, 1, 1, 1, 0, 1, 1, 1, 1, 1, 1, 1, 1, 0, 0, 1, 0, 1, 1, 1, 1, 1, 0, 1, 1, 0, 1, 1, 1, 1, 1, 1, 0, 1, 1, 1, 1, 1, 1, 1, 1, 1, 1, 1, 1, 1, 0, 1, 1, 1, 1, 0, 1, 1, 1, 0, 1, 0, 1, 1, 1, 1, 1, 1, 1, 1, 1, 1, 1, 1, 0, 1, 1, 1, 1, 1, 0, 1, a, 1, 1, 0, 1, 0, 1, 1, 1, 1, 1, 0, 0, 1, 1, 1, 1, 1, 0, 0, 1, 1, 1, 0]
[2, 1, 0, 2, 1, 1, 2, 1, 1, 2, 1, 1, 2, 0, 0, 2, 1, 2, 2, 1, 0, 2, 1, 2, 2, 2, 0, 0, 2, 2, 2, 2, 1, 2, 2, 2, 2, 0, 1, 1, a, 2, 2, 0, 1, 1, 0, 1, 1, a, 1, 0, 1, 0, 1, 0, 0, 1, 0, 0, 1, 1, 1, 1, 1, 1, 0, 1, 1, 0, 1, 1, 0, 1, 1, 1, 1, 1, 1, 1, 0, 1, 0, 1, 1, 1, 0, 1, 1, 1, 1, 1, 1, 1, 1, 1, 0, 0, 1, 0, 1, 1, 1, 1, 0, 1, 0, 0, 1, 1, 1, 1, 0, 0, 0, 0, 1, 1, 1, 0, 1, 1, 1, 0, 1, 1, 1, 1, 1, 1, 1, 1, 1, 1, 1, 1, a, 1, 1, 0, 1, 1, 1, 1, 1, 1, 0, 1, 1, 1, 1, 1, 1, 1, 1, 1, 1, 0, 1, 1]
[1, 1, 2, 1, 2, 1, 2, 0, 1, 1, 1, 0, 2, 0, 2, 2, 1, 2, 1, 1, 2, 2, 1, 1, 1, 2, 2, 0, 2, 1, 0, 1, 0, 2, 2, 2, 0, 2, 1, 1, a, 1, 2, 2, 0, 0, 1, 1, 1, a, a, a, a, a, a, a, a, a, a, a, a, a, a, a, a, a, a, a, a, a, a, a, a, a, a, a, a, a, a, a, a, a, a, a, a, a, a, a, a, a, a, a, a, a, a, a, a, a, a, a, a, a, a, a, a, a, a, a, a, a, a, a, a, a, a, a, a, a, a, a, a, a, a, a, a, a, a, a, a, a, a, a, a, a, a, a, a, a, a, a, a, a, a, a, a, a, a, a, a, a, 1, 0, 1, 1, 1, 0, 1, 1, 1, 1]
